233
280
177
710
973
113
798
242
80
58
123
950
903
227
262
120
241
495
277
779
548
293
295
331
825
270
27
491
152
9
647
679
964
126
816
70
205
723
339
161
526
540
631
647
267
542
850
11
548
515
450
160
461
983
783
271
853
546
357
163
404
224
860
896
264
331
390
793
964
301
622
807
277
369
22
958
269
248
735
18
325
703
288
478
330
434
456
148
704
600
386
693
795
979
79
930
772
409
488
133
188
963
455
7
726
894
796
12
443
53
186
34
567
949
264
198
327
308
894
251
962
799
767
952
769
600
907
100
705
991
193
158
510
841
331
135
348
140
622
373
549
15
991
545
476
76
386
413
24
700
950
952
339
246
625
908
965
513
305
861
883
54
616
708
223
651
179
260
526
61
891
582
57
480
318
774
860
936
910
826
515
579
105
989
318
569
250
308
207
150
138
64
897
351
613
84
270
260
252
400
194
611
67
571
664
330
146
314
958
740
852
266
613
793
6
910
748
536
743
307
562
813
48
256
504
538
243
479
461
67
829
418
904
407
357
963
486
693
158
283
345
749
881
486
361
574
286
28
641
664
576
190
352
407
759
979
114
862
936
202
92
770
2
643
22
180
113
18
451
198
205
816
929
342
882
614
266
676
241
641
825
925
738
90
395
177
755
791
435
12
917
632
931
999
956
213
140
473
555
558
522
31
47
962
614
215
527
392
770
807
644
199
828
176
975
394
300
833
430
803
265
534
753
696
744
343
845
263
487
710
982
798
114
905
122
653
493
205
555
651
679
325
518
168
623
152
345
826
910
989
443
24
277
778
389
230
561
342
924
194
670
182
861
39
983
530
621
567
845
424
857
715
287
166
18
992
625
857
276
892
670
516
17
685
219
950
622
867
471
513
497
604
893
711
954
188
771
306
692
817
818
436
824
303
593
572
484
909
124
141
151
29
754
988
68
133
88
398
342
297
631
319
323
589
208
367
87
555
930
876
292
634
883
972
442
311
978
931
661
423
777
368
665
586
71
361
278
62
697
403
23
115
94
650
905
227
48
627
725
340
839
427
49
928
591
473
569
866
561
538
618
379
564
478
756
119
490
307
395
546
148
889
148
856
659
490
556
840
446
316
627
511
723
485
89
554
546
470
121
192
