#YY  MM DD hh mm WDIR WSPD GST  WVHT   DPD   APD MWD   PRES  ATMP  WTMP  DEWP  VIS PTDY  TIDE
#yr  mo dy hr mn degT m/s  m/s     m   sec   sec degT   hPa  degC  degC  degC  nmi  hPa    ft
2025 02 13 23 40  20  9.0 11.0    MM    MM    MM  MM 1026.8  12.7  16.1   6.7   MM   MM    MM
2025 02 13 23 10  20  9.0 11.0   1.4    MM   4.3  50 1026.6  12.5  16.1   6.6   MM   MM    MM
2025 02 13 23 00  20  9.0 11.0    MM    MM    MM  MM 1026.6  12.4  16.1   6.7   MM +2.2    MM
2025 02 13 22 50  20  9.0 11.0   1.4     5   4.3  53 1026.6  12.3  16.1   6.3   MM   MM    MM
2025 02 13 22 40  20  9.0 12.0   1.4    MM   4.3  53 1026.4  12.3  16.1   6.5   MM   MM    MM
2025 02 13 22 30  20 10.0 12.0    MM    MM    MM  MM 1026.1  12.3  16.1   6.6   MM   MM    MM
2025 02 13 22 20  20  9.0 12.0   1.5     5   4.4  56 1026.1  12.3  16.1   6.7   MM   MM    MM
2025 02 13 22 10  20 10.0 12.0   1.5    MM   4.4  56 1026.0  12.1  16.1   6.4   MM   MM    MM
2025 02 13 22 00  10 10.0 13.0    MM    MM    MM  MM 1025.6  12.1  16.1   6.3   MM +1.1    MM
2025 02 13 21 50  10 10.0 12.0   1.6     5   4.5  55 1025.7  12.2  16.1   6.7   MM   MM    MM
2025 02 13 21 40  20 10.0 12.0   1.6    MM   4.5  55 1025.4  12.2  16.1   6.4   MM   MM    MM
2025 02 13 21 30  20 10.0 12.0    MM    MM    MM  MM 1025.2  12.3  16.1   6.7   MM   MM    MM
2025 02 13 21 20  20 10.0 12.0   1.6     5   4.5  50 1025.0  12.2  16.1   6.4   MM   MM    MM
2025 02 13 21 10  20 10.0 13.0   1.6    MM   4.5  50 1024.9  12.2  16.1   6.6   MM   MM    MM
2025 02 13 21 00  10 11.0 13.0    MM    MM    MM  MM 1024.4  12.1  16.1   6.6   MM -0.3    MM
2025 02 13 20 50  10 11.0 13.0   1.6     5   4.4  38 1024.2  12.0  16.1   6.6   MM   MM    MM
2025 02 13 20 40  10 11.0 14.0   1.6    MM   4.4  38 1024.3  11.9  16.1   6.5   MM   MM    MM
2025 02 13 20 30 360 11.0 13.0    MM    MM    MM  MM 1024.2  11.7  16.1   6.5   MM   MM    MM
2025 02 13 20 20  10 11.0 14.0   1.5     5   4.4  62 1024.2  11.6  16.1   6.4   MM   MM    MM
2025 02 13 20 10  10 11.0 14.0   1.5    MM   4.4  62 1024.1  11.4  16.1   6.3   MM   MM    MM
2025 02 13 20 00  10 11.0 13.0    MM    MM    MM  MM 1024.4  11.4  16.1   6.5   MM -0.6    MM
2025 02 13 19 50  10 11.0 14.0   1.5     5   4.4  58 1024.2  11.2  16.1   6.4   MM   MM    MM
2025 02 13 19 40  10 11.0 14.0    MM    MM    MM  MM 1024.1  11.0  16.1   6.5   MM   MM    MM
2025 02 13 19 30  10 12.0 14.0    MM    MM    MM  MM 1024.0  10.8  16.1   6.5   MM   MM    MM
2025 02 13 19 20  10 11.0 14.0   1.5     5   4.4  54 1024.3  10.6  16.1   6.8   MM   MM    MM
2025 02 13 19 10  10 11.0 13.0   1.5    MM   4.4  54 1024.3  10.4  16.1   6.6   MM   MM    MM
2025 02 13 19 00 360 11.0 14.0    MM    MM    MM  MM 1024.5  10.2  16.1   6.9   MM -0.3    MM
2025 02 13 18 50 360 11.0 13.0   1.5     5   4.4  45 1024.6   9.9  16.1   6.5   MM   MM    MM
2025 02 13 18 40 360 11.0 13.0   1.5    MM   4.4  45 1024.8   9.8  16.1   6.6   MM   MM    MM
2025 02 13 18 30 360 11.0 13.0    MM    MM    MM  MM 1024.7   9.7  16.1   6.5   MM   MM    MM
2025 02 13 18 20 360 11.0 13.0   1.5     5   4.3  43 1024.8   9.5  16.1   6.5   MM   MM    MM
2025 02 13 18 10 360 11.0 14.0   1.5    MM   4.3  43 1024.7   9.5  16.1   6.5   MM   MM    MM
2025 02 13 18 00 360 11.0 14.0    MM    MM    MM  MM 1024.7   9.4  16.1   6.7   MM +1.2    MM
2025 02 13 17 50  10 11.0 13.0   1.5     5   4.4  49 1024.8   9.3  16.1   6.4   MM   MM    MM
2025 02 13 17 40 360 11.0 13.0   1.5    MM   4.4  49 1024.8   9.2  16.1   6.5   MM   MM    MM
2025 02 13 17 30 360 10.0 13.0    MM    MM    MM  MM 1025.0   9.1  16.1   6.3   MM   MM    MM
2025 02 13 17 20 360 11.0 14.0   1.5     5   4.3  49 1024.9   9.1  16.1   6.4   MM   MM    MM
2025 02 13 17 10 360 11.0 13.0   1.5    MM   4.3  49 1025.0   9.0  16.1   6.2   MM   MM    MM
2025 02 13 17 00 360 11.0 13.0    MM    MM    MM  MM 1025.0   8.9  16.1   6.2   MM +2.2    MM
2025 02 13 16 50 350 11.0 13.0   1.5     5   4.2  26 1024.9   8.8  16.1   6.2   MM   MM    MM
2025 02 13 16 40 360 11.0 13.0    MM    MM    MM  MM 1025.0   8.8  16.1   6.4   MM   MM    MM
2025 02 13 16 30 350 11.0 13.0    MM    MM    MM  MM 1024.9   8.7  16.1   6.3   MM   MM    MM
2025 02 13 16 20 350 10.0 13.0   1.5     5   4.2  57 1025.0   8.9  16.1   6.8   MM   MM    MM
2025 02 13 16 10 350 10.0 12.0    MM    MM    MM  MM 1025.0   9.0  16.1   6.7   MM   MM    MM
2025 02 13 16 00 360 10.0 13.0    MM    MM    MM  MM 1024.8   9.0  16.1   6.3   MM +3.3    MM
2025 02 13 15 50 360 11.0 13.0   1.4     5   4.2  61 1024.7   8.8  16.1   6.1   MM   MM    MM
2025 02 13 15 40 360 12.0 14.0    MM    MM    MM  MM 1024.2   8.9  16.1   6.4   MM   MM    MM
2025 02 13 15 30 360 12.0 14.0    MM    MM    MM  MM 1024.0   8.6  16.1   6.0   MM   MM    MM
2025 02 13 15 20  10 12.0 14.0   1.5     5   4.1  59 1023.7   8.6  16.1   6.1   MM   MM    MM
2025 02 13 15 10 360 12.0 15.0   1.5    MM   4.1  59 1023.6   8.8  16.1   6.6   MM   MM    MM
2025 02 13 15 00 360 12.0 14.0    MM    MM    MM  MM 1023.5   8.9  16.1   6.8   MM +3.5    MM
2025 02 13 14 50 360 11.0 14.0   1.3     5   4.1  59 1023.4   8.9  16.1   6.8   MM   MM    MM
2025 02 13 14 40 360 11.0 13.0    MM    MM    MM  MM 1023.4   9.0  16.2   6.8   MM   MM    MM
2025 02 13 14 30 360 10.0 12.0    MM    MM    MM  MM 1023.3   9.2  16.2   7.2   MM   MM    MM
2025 02 13 14 20 360 10.0 12.0   1.2     5   4.1  57 1023.1   9.2  16.2   7.0   MM   MM    MM
2025 02 13 14 10 360 10.0 12.0   1.2    MM   4.1  57 1022.7   9.4  16.2   7.3   MM   MM    MM
2025 02 13 14 00 360 10.0 12.0    MM    MM    MM  MM 1022.8   9.5  16.2   7.3   MM +4.9    MM
2025 02 13 13 50 360 10.0 13.0   1.2     4   4.1  54 1022.3   9.5  16.2   7.6   MM   MM    MM
2025 02 13 13 40 360 10.0 12.0   1.2    MM   4.1  54 1022.2   9.5  16.2   7.5   MM   MM    MM
2025 02 13 13 30 360 10.0 12.0    MM    MM    MM  MM 1022.2   9.7  16.2   7.8   MM   MM    MM
2025 02 13 13 20 360  9.0 11.0   1.3     4   4.2  47 1021.8   9.6  16.1   7.6   MM   MM    MM
2025 02 13 13 10 360  9.0 12.0   1.3    MM   4.2  47 1021.6   9.8  16.1   7.8   MM   MM    MM
2025 02 13 13 00 360 10.0 13.0    MM    MM    MM  MM 1021.5   9.8  16.1   7.7   MM +4.9    MM
2025 02 13 12 50 360 10.0 12.0   1.2     5   4.2  52 1021.2  10.1  16.1   8.2   MM   MM    MM
2025 02 13 12 40 360 10.0 12.0    MM    MM    MM  MM 1020.8  10.2  16.2   8.3   MM   MM    MM
2025 02 13 12 30 360 10.0 12.0    MM    MM    MM  MM 1020.7  10.2  16.2   8.2   MM   MM    MM
2025 02 13 12 20 360  9.0 12.0   1.3     4   4.2  42 1020.5  10.3  16.2   8.3   MM   MM    MM
2025 02 13 12 10 360 10.0 12.0   1.3    MM   4.2  42 1020.1  10.4  16.2   8.3   MM   MM    MM
2025 02 13 12 00 360  9.0 11.0    MM    MM    MM  MM 1020.0  10.6  16.2   8.5   MM +4.2    MM
2025 02 13 11 50  10  9.0 11.0   1.3     5   4.1  62 1019.7  10.6  16.2   8.4   MM   MM    MM
2025 02 13 11 40  10  9.0 11.0    MM    MM    MM  MM 1019.5  10.5  16.3   8.3   MM   MM    MM
2025 02 13 11 30  10 10.0 12.0    MM    MM    MM  MM 1019.3  10.6  16.3   8.4   MM   MM    MM
2025 02 13 11 20 360 10.0 12.0   1.2     4   4.2  41 1018.9  10.5  16.3   8.3   MM   MM    MM
2025 02 13 11 10  10 10.0 13.0   1.2    MM   4.2  41 1018.4  10.5  16.3   8.5   MM   MM    MM
2025 02 13 11 00  10 11.0 13.0    MM    MM    MM  MM 1017.9  10.7  16.3   8.6   MM +2.9    MM
2025 02 13 10 50  10 11.0 14.0   1.2     8   4.1 150 1017.4  10.8  16.2   8.7   MM   MM    MM
2025 02 13 10 40  10 11.0 13.0    MM    MM    MM  MM 1017.4  10.9  16.2   8.8   MM   MM    MM
2025 02 13 10 30  10 11.0 13.0    MM    MM    MM  MM 1017.4  11.0  16.2   8.8   MM   MM    MM
2025 02 13 10 20  10 11.0 13.0   1.2     4   4.1  43 1017.2  11.0  16.3   8.8   MM   MM    MM
2025 02 13 10 10  10 11.0 13.0   1.2    MM   4.1  43 1016.9  11.4  16.3   9.2   MM   MM    MM
2025 02 13 10 00  20 10.0 12.0    MM    MM    MM  MM 1016.6  11.4  16.3   9.2   MM +2.1    MM
2025 02 13 09 50  10  9.0 11.0   1.2     8   4.1 161 1016.6  11.7  16.3   9.5   MM   MM    MM
2025 02 13 09 40  10 10.0 11.0    MM    MM    MM  MM 1016.5  11.9  16.3   9.6   MM   MM    MM
2025 02 13 09 30  10 10.0 13.0    MM    MM    MM  MM 1016.2  12.1  16.3   9.9   MM   MM    MM
2025 02 13 09 20  10 10.0 12.0   1.2     8   4.1 149 1015.9  12.1  16.3   9.9   MM   MM    MM
2025 02 13 09 10  10 10.0 12.0   1.2    MM   4.1 149 1015.9  12.2  16.3   9.8   MM   MM    MM
2025 02 13 09 00  20  9.0 12.0    MM    MM    MM  MM 1015.8  12.3  16.3   9.9   MM +2.0    MM
2025 02 13 08 50  20 10.0 12.0   1.3     8   4.3 162 1015.7  12.4  16.3   9.9   MM   MM    MM
2025 02 13 08 40  20 10.0 12.0   1.3    MM   4.3 162 1015.8  12.5  16.3  10.1   MM   MM    MM
2025 02 13 08 30  10 10.0 11.0    MM    MM    MM  MM 1015.6  12.7  16.2  10.5   MM   MM    MM
2025 02 13 08 20  10  9.0 12.0   1.2     8   4.2 170 1015.6  12.8  16.2  10.6   MM   MM    MM
2025 02 13 08 10  10  9.0 11.0   1.2    MM   4.2 170 1015.3  12.8  16.2  10.5   MM   MM    MM
2025 02 13 08 00  10  9.0 12.0    MM    MM    MM  MM 1015.0  12.9  16.3  10.7   MM +1.5    MM
2025 02 13 07 50  10  9.0 11.0   1.2     4   4.2  32 1015.3  13.0  16.3  11.0   MM   MM    MM
2025 02 13 07 40  20  9.0 11.0    MM    MM    MM  MM 1015.3  13.1  16.3  10.8   MM   MM    MM
2025 02 13 07 30  10  9.0 11.0    MM    MM    MM  MM 1015.0  13.1  16.3  11.0   MM   MM    MM
2025 02 13 07 20  10  9.0 12.0   1.1     4   4.1  33 1014.8  13.1  16.3  11.0   MM   MM    MM
2025 02 13 07 10  10  9.0 11.0   1.1    MM   4.1  33 1014.8  13.0  16.3  10.7   MM   MM    MM
2025 02 13 07 00  20  9.0 11.0    MM    MM    MM  MM 1014.5  13.1  16.3  10.8   MM +1.9    MM
2025 02 13 06 50  20  9.0 11.0   1.2     8   4.3 162 1014.4  13.0  16.3  10.7   MM   MM    MM
2025 02 13 06 40  20  9.0 11.0   1.2    MM   4.3 162 1014.0  13.0  16.3  10.7   MM   MM    MM
2025 02 13 06 30  20 10.0 12.0    MM    MM    MM  MM 1013.7  12.9  16.3  10.7   MM   MM    MM
2025 02 13 06 20  20 10.0 12.0   1.1     8   4.2 157 1013.6  12.9  16.3  10.5   MM   MM    MM
2025 02 13 06 10  20 10.0 12.0   1.1    MM   4.2 157 1013.7  13.1  16.3  11.0   MM   MM    MM
2025 02 13 06 00  10  9.0 12.0    MM    MM    MM  MM 1013.8  13.1  16.3  10.9   MM +2.1    MM
2025 02 13 05 50  20  9.0 11.0   1.2     8   4.4 165 1014.0  13.3  16.3  11.1   MM   MM    MM
2025 02 13 05 40  20  8.0 10.0    MM    MM    MM  MM 1013.8  13.3  16.3  11.3   MM   MM    MM
2025 02 13 05 30  10  9.0 11.0    MM    MM    MM  MM 1013.8  13.3  16.3  11.3   MM   MM    MM
2025 02 13 05 20 360  9.0 11.0   1.2     8   4.2 172 1013.9  13.1  16.3  10.9   MM   MM    MM
2025 02 13 05 10  10  9.0 11.0   1.2    MM   4.2 172 1013.6  13.2  16.3  11.0   MM   MM    MM
2025 02 13 05 00  10 10.0 12.0    MM    MM    MM  MM 1013.5  13.3  16.3  11.2   MM +2.8    MM
2025 02 13 04 50 360  9.0 11.0   1.1     8   4.1 167 1013.3  13.4  16.3  11.3   MM   MM    MM
2025 02 13 04 40 360  9.0 11.0   1.1    MM   4.1 167 1013.0  13.5  16.3  11.3   MM   MM    MM
2025 02 13 04 30 360  9.0 12.0    MM    MM    MM  MM 1013.1  13.7  16.3  11.5   MM   MM    MM
2025 02 13 04 20 360  9.0 11.0   1.2     8   4.3 168 1012.8  13.9  16.3  11.6   MM   MM    MM
2025 02 13 04 10 360  9.0 11.0   1.2    MM   4.3 168 1012.8  14.0  16.3  11.5   MM   MM    MM
2025 02 13 04 00 360  9.0 11.0    MM    MM    MM  MM 1012.6  14.3  16.3  12.0   MM +3.3    MM
2025 02 13 03 50 350  8.0 10.0   1.1     8   4.3 154 1012.3  14.3  16.3  12.1   MM   MM    MM
2025 02 13 03 40 350  8.0 10.0    MM    MM    MM  MM 1012.2  14.4  16.3  12.1   MM   MM    MM
2025 02 13 03 30 350  8.0 11.0    MM    MM    MM  MM 1012.1  14.5  16.3  12.1   MM   MM    MM
2025 02 13 03 20 350  9.0 11.0   1.1     8   4.2 165 1012.0  14.7  16.3  12.1   MM   MM    MM
2025 02 13 03 10 350  9.0 11.0   1.1    MM   4.2 165 1011.7  14.8  16.3  12.3   MM   MM    MM
2025 02 13 03 00 350  9.0 10.0    MM    MM    MM  MM 1011.7  14.9  16.3  12.3   MM +3.8    MM
2025 02 13 02 50 350  9.0 10.0   1.2     8   4.4 156 1011.5  15.0  16.3  12.4   MM   MM    MM
2025 02 13 02 40 350  9.0 11.0    MM    MM    MM  MM 1011.2  15.0  16.3  12.4   MM   MM    MM
2025 02 13 02 30 350  9.0 10.0    MM    MM    MM  MM 1010.9  15.1  16.3  12.5   MM   MM    MM
2025 02 13 02 20 350  9.0 11.0   1.3     8   4.4 161 1010.9  15.2  16.3  12.6   MM   MM    MM
2025 02 13 02 10 350  9.0 11.0   1.3    MM   4.4 161 1010.9  15.2  16.3  12.7   MM   MM    MM
2025 02 13 02 00 350  9.0 11.0    MM    MM    MM  MM 1010.7  15.3  16.3  12.8   MM +3.8    MM
2025 02 13 01 50 350 10.0 11.0   1.4     4   4.3 338 1010.5  15.3  16.3  12.9   MM   MM    MM
2025 02 13 01 40 340 10.0 12.0    MM    MM    MM  MM 1010.2  15.4  16.3  13.0   MM   MM    MM
2025 02 13 01 30 340 10.0 13.0    MM    MM    MM  MM 1010.0  15.4  16.3  13.0   MM   MM    MM
2025 02 13 01 20 340 11.0 13.0   1.3     8   4.1 166 1009.8  15.5  16.4  13.0   MM   MM    MM
2025 02 13 01 10 350 11.0 14.0   1.3    MM   4.1 166 1009.5  15.6  16.4  13.0   MM   MM    MM
2025 02 13 01 00 350 11.0 13.0    MM    MM    MM  MM 1009.3  15.7  16.5  13.0   MM +4.0    MM
2025 02 13 00 50 350 11.0 13.0   1.2     7   4.3 161 1009.1  16.0  16.5  13.3   MM   MM    MM
2025 02 13 00 40 350 10.0 12.0    MM    MM    MM  MM 1008.9  16.3  16.6  13.7   MM   MM    MM
2025 02 13 00 30 350 10.0 12.0    MM    MM    MM  MM 1008.8  16.5  16.5  14.0   MM   MM    MM
2025 02 13 00 20 350 10.0 13.0   1.2     8   4.6 162 1008.5  16.7  16.5  14.0   MM   MM    MM
2025 02 13 00 10 350 11.0 13.0   1.2    MM   4.6 162 1008.1  17.0  16.5  13.9   MM   MM    MM
2025 02 13 00 00 350 10.0 14.0    MM    MM    MM  MM 1007.9  17.4  16.5  14.6   MM +3.7    MM
2025 02 12 23 50 350  8.0 10.0   1.1     8   4.6 164 1007.7  17.5  16.6  15.6   MM   MM    MM
2025 02 12 23 40 340  5.0  6.0    MM    MM    MM  MM 1007.6  17.3  16.7  16.3   MM   MM    MM
2025 02 12 23 10 330  6.0  7.0   1.2    MM   4.9 167 1007.0  17.5  16.8  16.2   MM   MM    MM
2025 02 12 23 00 330  5.0  7.0    MM    MM    MM  MM 1006.9  17.5  16.8  16.3   MM +2.7    MM
2025 02 12 22 50 320  7.0  9.0   1.1     7   4.7 170 1006.4  17.6  16.8  16.2   MM   MM    MM
2025 02 12 22 40 330  9.0 10.0   1.1    MM   4.7 170 1006.1  17.6  16.8  16.3   MM   MM    MM
2025 02 12 22 30 330  8.0 10.0    MM    MM    MM  MM 1006.1  17.6  16.8  16.6   MM   MM    MM
2025 02 12 22 20 330  8.0 11.0   1.2     7   5.1 168 1005.9  17.8  16.8  16.9   MM   MM    MM
2025 02 12 22 10 320  8.0 11.0   1.2    MM   5.1 168 1005.7  18.1  16.9  17.1   MM   MM    MM
2025 02 12 22 00 310  7.0  9.0    MM    MM    MM  MM 1005.3  18.2  16.8  17.4   MM +0.6    MM
2025 02 12 21 50 300  7.0  8.0   1.2     7   5.2 171 1005.2  18.2  16.8  17.4   MM   MM    MM
2025 02 12 21 40 290  7.0  8.0    MM    MM    MM  MM 1005.1  18.4  16.8  18.0   MM   MM    MM
2025 02 12 21 30 240  5.0  7.0    MM    MM    MM  MM 1004.6  18.8  16.8  18.5   MM   MM    MM
2025 02 12 21 20 220  5.0  6.0   1.2     6   5.0 168 1004.2  19.0  16.8  18.7   MM   MM    MM
2025 02 12 21 10 220  5.0  6.0   1.2    MM   5.0 168 1004.1  18.8  16.8  18.5   MM   MM    MM
2025 02 12 21 00 220  4.0  7.0    MM    MM    MM  MM 1004.2  18.9  16.8  18.6   MM -1.3    MM
2025 02 12 20 50 230  4.0  5.0   1.2     7   5.0 171 1004.1  18.7  16.9  18.4   MM   MM    MM
2025 02 12 20 40 210  5.0  6.0   1.2    MM   5.0 171 1004.1  19.1  16.8  18.8   MM   MM    MM
2025 02 12 20 30 210  6.0  8.0    MM    MM    MM  MM 1004.1  19.1  16.8  18.8   MM   MM    MM
2025 02 12 20 20 200  5.0  5.0   1.1     7   4.8 173 1004.2  18.8  16.8  18.5   MM   MM    MM
2025 02 12 20 10 200  5.0  5.0   1.1    MM   4.8 173 1004.3  18.7  16.7  18.4   MM   MM    MM
2025 02 12 20 00 200  5.0  6.0    MM    MM    MM  MM 1004.2  18.7  16.7  18.4   MM -1.4    MM
2025 02 12 19 50 200  5.0  6.0   1.3     7   4.8 163 1004.4  18.9  16.7  18.5   MM   MM    MM
2025 02 12 19 40 210  5.0  6.0   1.3    MM   4.8 163 1004.4  19.0  16.7  18.6   MM   MM    MM
2025 02 12 19 30 210  5.0  6.0    MM    MM    MM  MM 1004.5  19.1  16.6  18.6   MM   MM    MM
2025 02 12 19 20 210  6.0  7.0   1.3     6   5.0 168 1004.6  19.3  16.7  18.9   MM   MM    MM
2025 02 12 19 10 210  6.0  6.0   1.3    MM   5.0 168 1004.7  19.4  16.7  19.1   MM   MM    MM
2025 02 12 19 00 220  6.0  7.0    MM    MM    MM  MM 1004.7  19.5  16.5  19.2   MM -1.4    MM
2025 02 12 18 50 220  5.0  7.0   1.2     6   4.7 167 1004.9  19.0  16.5  18.6   MM   MM    MM
2025 02 12 18 40 200  5.0  6.0   1.2    MM   4.7 167 1004.9  19.1  16.5  18.7   MM   MM    MM
2025 02 12 18 30 190  6.0  7.0    MM    MM    MM  MM 1005.0  19.4  16.5  18.9   MM   MM    MM
2025 02 12 18 20 190  7.0  8.0   1.2     7   4.8 179 1005.2  19.9  16.4  19.3   MM   MM    MM
2025 02 12 18 10 190  7.0  8.0   1.2    MM   4.8 179 1005.3  19.8  16.3  19.1   MM   MM    MM
2025 02 12 18 00 200  6.0  8.0    MM    MM    MM  MM 1005.5  19.6  16.3  19.1   MM +0.0    MM
2025 02 12 17 50 200  7.0  9.0   1.1     7   4.7 173 1005.4  19.4  16.3  18.9   MM   MM    MM
2025 02 12 17 40 210  5.0 13.0    MM    MM    MM  MM 1005.6  18.8  16.3  18.4   MM   MM    MM
2025 02 12 17 30 180  6.0  7.0    MM    MM    MM  MM 1005.3  19.2  16.3  18.8   MM   MM    MM
2025 02 12 17 20 170  7.0  8.0   1.1     7   4.8 177 1005.5  19.3  16.4  18.9   MM   MM    MM
2025 02 12 17 10 170  7.0  8.0   1.1    MM   4.8 177 1005.5  19.4  16.4  18.9   MM   MM    MM
2025 02 12 17 00 160  8.0  9.0    MM    MM    MM  MM 1005.6  19.3  16.4  18.9   MM +0.0    MM
2025 02 12 16 50 170  6.0  8.0   1.0     6   4.9 169 1005.7  19.1  16.4  18.8   MM   MM    MM
2025 02 12 16 40 170  5.0  6.0   1.0    MM   4.9 169 1005.9  18.9  16.4  18.6   MM   MM    MM
2025 02 12 16 30 170  4.0  5.0    MM    MM    MM  MM 1006.0  18.7  16.3  18.4   MM   MM    MM
2025 02 12 16 20 170  4.0  5.0   1.0     6   4.8 185 1006.1  18.8  16.0  18.5   MM   MM    MM
2025 02 12 16 10 170  4.0  5.0    MM    MM    MM  MM 1006.1  18.6  16.1  18.3   MM   MM    MM
2025 02 12 16 00 160  3.0  4.0    MM    MM    MM  MM 1006.1  18.5  16.2  18.2   MM -0.0    MM
2025 02 12 15 50 150  3.0  4.0   1.0     6   4.8 170 1006.1  18.4  16.2  18.1   MM   MM    MM
2025 02 12 15 40 130  3.0  4.0    MM    MM    MM  MM 1005.9  18.3  16.2  18.0   MM   MM    MM
2025 02 12 15 30 130  3.0  4.0    MM    MM    MM  MM 1005.7  18.2  16.3  17.9   MM   MM    MM
2025 02 12 15 20 130  4.0  4.0   0.9     6   4.8 173 1005.6  18.3  16.2  18.0   MM   MM    MM
2025 02 12 15 10 120  4.0  4.0   0.9    MM   4.8 173 1005.5  18.3  16.1  18.0   MM   MM    MM
2025 02 12 15 00 120  4.0  5.0    MM    MM    MM  MM 1005.5  18.2  16.2  17.9   MM +0.0    MM
2025 02 12 14 50 130  5.0  5.0   1.0     6   4.8 181 1005.4  18.3  16.2  18.0   MM   MM    MM
2025 02 12 14 40 130  4.0  5.0   1.0    MM   4.8 181 1005.5  18.5  16.3  18.2   MM   MM    MM
2025 02 12 14 30 130  4.0  5.0    MM    MM    MM  MM 1005.5  18.3  16.1  18.0   MM   MM    MM
2025 02 12 14 20 130  4.0  4.0   1.0     6   4.8 174 1005.7  18.2  16.0  17.9   MM   MM    MM
2025 02 12 14 10 130  4.0  4.0   1.0    MM   4.8 174 1005.8  18.4  16.0  18.1   MM   MM    MM
2025 02 12 14 00 130  4.0  5.0    MM    MM    MM  MM 1005.7  18.3  16.2  18.0   MM +0.0    MM
2025 02 12 13 50 130  4.0  5.0   1.0     6   4.9 175 1005.8  18.2  16.2  17.9   MM   MM    MM
2025 02 12 13 40 130  4.0  5.0   1.0    MM   4.9 175 1005.8  18.1  16.3  17.8   MM   MM    MM
2025 02 12 13 30 130  3.0  4.0    MM    MM    MM  MM 1005.9  18.0  16.2  17.7   MM   MM    MM
2025 02 12 13 20 130  3.0  3.0   0.9     6   4.8 179 1006.0  18.0  15.8  17.7   MM   MM    MM
2025 02 12 13 10 140  3.0  3.0   0.9    MM   4.8 179 1006.2  18.3  16.0  18.0   MM   MM    MM
2025 02 12 13 00 150  3.0  4.0    MM    MM    MM  MM 1006.1  18.3    MM  18.0   MM +0.4    MM
2025 02 12 12 50 150  4.0  4.0   0.9     6   4.8 170 1005.8  18.1  16.2  17.8   MM   MM    MM
2025 02 12 12 40 150  3.0  4.0   0.9    MM   4.8 170 1005.8  18.1  16.4  17.8   MM   MM    MM
2025 02 12 12 30 150  3.0  3.0    MM    MM    MM  MM 1005.9  18.1  16.5  17.8   MM   MM    MM
2025 02 12 12 20 150  3.0  3.0   0.8     6   4.5 177 1005.8  18.2  16.4  17.9   MM   MM    MM
2025 02 12 12 10 150  3.0  3.0   0.8    MM   4.5 177 1005.7  18.0  16.5  17.7   MM   MM    MM
2025 02 12 12 00 160  3.0  3.0    MM    MM    MM  MM 1005.7  18.1  16.6  17.8   MM -0.3    MM
2025 02 12 11 50 170  3.0  4.0   0.8     6   4.6 176 1005.7  18.4  16.6  18.1   MM   MM    MM
2025 02 12 11 40 170  3.0  4.0    MM    MM    MM  MM 1005.7  18.4  16.7  18.1   MM   MM    MM
2025 02 12 11 30 170  3.0  4.0    MM    MM    MM  MM 1005.7  18.2  16.7  17.9   MM   MM    MM
2025 02 12 11 20 170  3.0  4.0   0.8     6   4.6 177 1005.9  18.1  16.7  17.8   MM   MM    MM
2025 02 12 11 10 170  3.0  3.0   0.8    MM   4.6 177 1005.7  18.1  16.6  17.8   MM   MM    MM
2025 02 12 11 00 170  2.0  2.0    MM    MM    MM  MM 1005.6  18.0  16.7  17.7   MM -0.7    MM
2025 02 12 10 50 160  2.0  3.0   0.8     6   4.5 175 1005.5  18.1  16.5  17.8   MM   MM    MM
2025 02 12 10 40 160  2.0  3.0    MM    MM    MM  MM 1005.5  18.1  16.5  17.8   MM   MM    MM
2025 02 12 10 30 150  3.0  3.0    MM    MM    MM  MM 1005.6  18.3  16.5  18.0   MM   MM    MM
2025 02 12 10 20 160  3.0  4.0   0.8     6   4.6 179 1005.6  18.3  16.5  18.0   MM   MM    MM
2025 02 12 10 10 150  3.0  4.0   0.8    MM   4.6 179 1005.6  18.4  16.7  18.1   MM   MM    MM
2025 02 12 10 00 160  4.0  4.0    MM    MM    MM  MM 1005.7  18.6  16.6  18.3   MM -1.3    MM
2025 02 12 09 50 160  4.0  5.0   0.9     6   4.5 171 1005.7  18.7  16.4  18.4   MM   MM    MM
2025 02 12 09 40 150  4.0  5.0    MM    MM    MM  MM 1005.7  18.5  16.0  18.2   MM   MM    MM
2025 02 12 09 30 140  4.0  5.0    MM    MM    MM  MM 1005.7  18.3  15.9  18.0   MM   MM    MM
2025 02 12 09 20 140  4.0  5.0   0.9     6   4.4 169 1005.9  18.2  16.0  17.9   MM   MM    MM
2025 02 12 09 10 130  5.0  5.0   0.9    MM   4.4 169 1005.9  18.0  15.7  17.7   MM   MM    MM
2025 02 12 09 00 120  4.0  5.0    MM    MM    MM  MM 1006.0  17.9  16.1  17.6   MM -1.3    MM
2025 02 12 08 50 120  3.0  4.0   0.9     6   4.4 161 1006.3  17.8  16.1  17.5   MM   MM    MM
2025 02 12 08 40 100  4.0  4.0    MM    MM    MM  MM 1006.5  17.7  16.1  17.4   MM   MM    MM
2025 02 12 08 30  90  3.0  4.0    MM    MM    MM  MM 1006.4  17.7  16.1  17.4   MM   MM    MM
2025 02 12 08 20  90  4.0  4.0   1.0     6   4.5 172 1006.5  17.7  16.1  17.4   MM   MM    MM
2025 02 12 08 10 100  4.0  5.0   1.0    MM   4.5 172 1006.4  17.9  16.0  17.6   MM   MM    MM
2025 02 12 08 00 100  5.0  6.0    MM    MM    MM  MM 1006.3  17.7  16.0  17.4   MM -2.6    MM
2025 02 12 07 50  90  5.0  5.0   1.0     6   4.1 172 1006.4  17.5  16.1  17.2   MM   MM    MM
2025 02 12 07 40  90  5.0  6.0   1.0    MM   4.1 172 1006.4  17.5  16.0  17.1   MM   MM    MM
2025 02 12 07 30  90  5.0  6.0    MM    MM    MM  MM 1006.5  17.4  16.0  17.1   MM   MM    MM
2025 02 12 07 20  90  5.0  6.0   1.0     6   4.2 178 1006.8  17.3  16.0  16.9   MM   MM    MM
2025 02 12 07 10  90  5.0  6.0   1.0    MM   4.2 178 1006.9  17.3  16.1  16.9   MM   MM    MM
2025 02 12 07 00  90  5.0  7.0    MM    MM    MM  MM 1007.0  17.3  16.0  16.9   MM -2.1    MM
2025 02 12 06 50  90  6.0  8.0   1.0     6   4.2 186 1006.7  17.2  16.0  16.8   MM   MM    MM
2025 02 12 06 40  90  6.0  8.0    MM    MM    MM  MM 1006.7  17.2  16.0  16.8   MM   MM    MM
2025 02 12 06 30  90  7.0  8.0    MM    MM    MM  MM 1007.2  17.2  16.0  16.7   MM   MM    MM
2025 02 12 06 20  90  6.0  7.0   1.0     6   4.0 174 1007.4  17.1  16.1  16.6   MM   MM    MM
2025 02 12 06 10  90  7.0  8.0   1.0    MM   4.0 174 1007.4  17.1  16.1  16.6   MM   MM    MM
2025 02 12 06 00  90  8.0  9.0    MM    MM    MM  MM 1007.3  17.0  16.1  16.4   MM -2.3    MM
2025 02 12 05 50  90  8.0 11.0   0.9     6   4.0 164 1007.4  17.0  16.1  16.3   MM   MM    MM
2025 02 12 05 40  90  8.0 10.0    MM    MM    MM  MM 1007.7  17.0  16.1  16.3   MM   MM    MM
2025 02 12 05 30  80  8.0  9.0    MM    MM    MM  MM 1008.0  17.0  16.1  16.2   MM   MM    MM
2025 02 12 05 20  80  7.0  8.0   0.9     6   3.9 175 1008.3  17.0  16.1  16.2   MM   MM    MM
2025 02 12 05 10  80  7.0  9.0   0.9    MM   3.9 175 1008.4  17.0  16.1  16.1   MM   MM    MM
2025 02 12 05 00  80  6.0  8.0    MM    MM    MM  MM 1008.9  16.9  16.1  16.1   MM -1.0    MM
2025 02 12 04 50  80  7.0  8.0   0.9     6   3.9 179 1008.8  16.9  16.1  16.0   MM   MM    MM
2025 02 12 04 40  70  7.0  8.0   0.9    MM   3.9 179 1008.9  16.9  16.1  15.9   MM   MM    MM
2025 02 12 04 30  70  7.0  8.0    MM    MM    MM  MM 1009.0  16.9  16.1  15.9   MM   MM    MM
2025 02 12 04 20  80  7.0  9.0   0.9     6   4.0 177 1009.0  16.9  16.2  15.9   MM   MM    MM
2025 02 12 04 10  70  7.0  9.0   0.9    MM   4.0 177 1009.1  16.8  16.2  15.8   MM   MM    MM
2025 02 12 04 00  70  7.0  9.0    MM    MM    MM  MM 1009.1  16.8  16.2  15.8   MM -1.0    MM
2025 02 12 03 50  70  7.0  9.0   0.9     6   3.9 183 1009.1  16.8  16.2  15.9   MM   MM    MM
2025 02 12 03 40  70  7.0  9.0   0.9    MM   3.9 183 1009.4  16.8  16.2  16.0   MM   MM    MM
2025 02 12 03 30  70  8.0 10.0    MM    MM    MM  MM 1009.2  16.8  16.2  15.9   MM   MM    MM
2025 02 12 03 20  80  9.0 10.0   0.9     6   3.9 170 1009.1  16.8  16.2  15.9   MM   MM    MM
2025 02 12 03 10  70  8.0  9.0   0.9    MM   3.9 170 1009.3  16.7  16.2  15.8   MM   MM    MM
2025 02 12 03 00  70  8.0  9.0    MM    MM    MM  MM 1009.6  16.8  16.2  15.7   MM -1.0    MM
2025 02 12 02 50  70  7.0  9.0   0.8     6   3.8 175 1009.7  16.8  16.2  15.8   MM   MM    MM
2025 02 12 02 40  60  8.0  9.0   0.8    MM   3.8 175 1009.9  16.8  16.2  15.8   MM   MM    MM
2025 02 12 02 30  60  7.0  9.0    MM    MM    MM  MM 1010.0  16.8  16.2  15.8   MM   MM    MM
2025 02 12 02 20  60  8.0  9.0   0.8     6   3.8 179 1009.8  16.8  16.2  15.8   MM   MM    MM
2025 02 12 02 10  60  7.0  9.0   0.8    MM   3.8 179 1009.9  16.7  16.2  15.7   MM   MM    MM
2025 02 12 02 00  60  8.0  9.0    MM    MM    MM  MM 1009.9  16.8  16.2  15.8   MM -0.6    MM
2025 02 12 01 50  70  8.0  9.0   0.8     6   3.9 190 1009.9  16.7  16.3  15.8   MM   MM    MM
2025 02 12 01 40  60  8.0  9.0    MM    MM    MM  MM 1009.9  16.7  16.3  15.9   MM   MM    MM
2025 02 12 01 30  60  7.0  9.0    MM    MM    MM  MM 1009.9  16.8  16.3  15.9   MM   MM    MM
2025 02 12 01 20  60  7.0  8.0   0.8     5   3.8 182 1010.1  16.8  16.3  15.8   MM   MM    MM
2025 02 12 01 10  60  6.0  8.0   0.8    MM   3.8 182 1010.3  16.7  16.3  15.8   MM   MM    MM
2025 02 12 01 00  60  7.0  8.0    MM    MM    MM  MM 1010.1  16.7  16.3  15.8   MM -0.3    MM
2025 02 12 00 50  60  6.0  7.0   0.8     6   3.9 186 1010.5  16.8  16.3  15.8   MM   MM    MM
2025 02 12 00 40  50  7.0  8.0    MM    MM    MM  MM 1010.6  16.9  16.3  15.7   MM   MM    MM
2025 02 12 00 30  50  8.0  9.0    MM    MM    MM  MM 1010.6  16.8  16.3  15.8   MM   MM    MM
2025 02 12 00 20  50  6.0  7.0   0.8     6   3.9 184 1010.7  16.7  16.3  15.9   MM   MM    MM
2025 02 12 00 10  50  6.0  7.0   0.8    MM   3.9 184 1010.7  16.7  16.3  16.0   MM   MM    MM
2025 02 12 00 00  50  7.0  8.0    MM    MM    MM  MM 1010.6  16.7  16.3  15.9   MM +0.0    MM
2025 02 11 23 50  50  7.0  8.0   0.8     6   3.7 190 1010.6  16.7  16.3  15.8   MM   MM    MM
2025 02 11 23 40  50  7.0  8.0    MM    MM    MM  MM 1010.6  16.7  16.3  15.9   MM   MM    MM
2025 02 11 23 20  50  7.0  8.0   0.8     5   3.7 201 1010.6  16.8  16.3  15.8   MM   MM    MM
2025 02 11 23 10  50  7.0  9.0    MM    MM    MM  MM 1010.4  16.7  16.3  15.7   MM   MM    MM
2025 02 11 23 00  40  6.0  8.0    MM    MM    MM  MM 1010.5  16.6  16.3  15.7   MM -0.4    MM
2025 02 11 22 50  30  7.0  8.0   0.9     5   3.7 179 1010.5  16.6  16.3  15.8   MM   MM    MM
2025 02 11 22 40  30  8.0  9.0    MM    MM    MM  MM 1010.3  16.6  16.3  15.7   MM   MM    MM
2025 02 11 22 30  30  8.0  9.0    MM    MM    MM  MM 1010.2  16.6  16.3  15.8   MM   MM    MM
2025 02 11 22 20  30  7.0  8.0   0.9     4   3.6 358 1010.3  16.5  16.3  15.8   MM   MM    MM
2025 02 11 22 10  30  8.0  9.0   0.9    MM   3.6 358 1010.4  16.4  16.3  15.8   MM   MM    MM
2025 02 11 22 00  30  7.0  9.0    MM    MM    MM  MM 1010.4  16.5  16.3  15.9   MM -1.1    MM
2025 02 11 21 50  30  7.0  8.0   0.8     5   3.6 203 1010.6  16.5  16.3  15.9   MM   MM    MM
2025 02 11 21 40  20  7.0  9.0   0.8    MM   3.6 203 1010.5  16.4  16.3  15.9   MM   MM    MM
2025 02 11 21 30  20  8.0  9.0    MM    MM    MM  MM 1010.7  16.4  16.3  15.9   MM   MM    MM
2025 02 11 21 20  20  8.0 10.0   0.8     5   3.5 179 1010.5  16.4  16.3  15.8   MM   MM    MM
2025 02 11 21 10  10  7.0  9.0   0.8    MM   3.5 179 1010.7  16.5  16.3  15.9   MM   MM    MM
2025 02 11 21 00  10  9.0 10.0    MM    MM    MM  MM 1010.6  16.6  16.3  15.9   MM -2.1    MM
2025 02 11 20 50 360  8.0 10.0   0.7     4   3.8 168 1010.6  16.7  16.3  16.0   MM   MM    MM
2025 02 11 20 40 360  8.0 11.0    MM    MM    MM  MM 1010.7  16.7  16.3  16.0   MM   MM    MM
2025 02 11 20 30 350  8.0 11.0    MM    MM    MM  MM 1010.7  17.1  16.4  16.3   MM   MM    MM
2025 02 11 20 20 320  6.0 10.0   0.7     5   3.9 162 1010.6  18.2  16.4  17.7   MM   MM    MM
2025 02 11 20 10 280  6.0 11.0   0.7    MM   3.9 162 1010.9  18.6  16.3  18.3   MM   MM    MM
2025 02 11 20 00 220  4.0  7.0    MM    MM    MM  MM 1010.9  18.3  16.5  18.0   MM -2.3    MM
2025 02 11 19 50 180  3.0  4.0   0.6     5   3.6 186 1010.6  18.2  16.5  17.9   MM   MM    MM
2025 02 11 19 40 180  4.0  4.0   0.6    MM   3.6 186 1010.6  18.3  16.5  18.0   MM   MM    MM
2025 02 11 19 30 190  3.0  4.0    MM    MM    MM  MM 1010.7  18.4  16.5  18.1   MM   MM    MM
2025 02 11 19 20 180  4.0  4.0   0.6     5   3.8 186 1011.0  18.5  16.5  18.2   MM   MM    MM
2025 02 11 19 10 180  4.0  4.0   0.6    MM   3.8 186 1011.2  18.4  16.5  18.1   MM   MM    MM
2025 02 11 19 00 190  3.0  3.0    MM    MM    MM  MM 1011.5  18.3  16.5  18.0   MM -2.1    MM
2025 02 11 18 50 190  4.0  4.0   0.6     4   3.7 154 1011.8  18.4  16.5  18.1   MM   MM    MM
2025 02 11 18 40 180  4.0  5.0   0.6    MM   3.7 154 1011.9  18.5  16.5  18.2   MM   MM    MM
2025 02 11 18 30 180  5.0  6.0    MM    MM    MM  MM 1012.0  18.7  16.5  18.4   MM   MM    MM
2025 02 11 18 20 170  5.0  6.0   0.6     5   3.8 166 1012.2  18.6  16.4  18.3   MM   MM    MM
2025 02 11 18 10 170  4.0  5.0   0.6    MM   3.8 166 1012.4  18.6  16.4  18.3   MM   MM    MM
2025 02 11 18 00 170  4.0  5.0    MM    MM    MM  MM 1012.7  18.7  16.4  18.4   MM -1.3    MM
2025 02 11 17 50 170  3.0  4.0   0.6     4   3.7 171 1013.0  18.4  16.4  18.1   MM   MM    MM
2025 02 11 17 40 170  3.0  5.0    MM    MM    MM  MM 1013.3  18.6  16.4  18.3   MM   MM    MM
2025 02 11 17 30 160  6.0  7.0    MM    MM    MM  MM 1013.3  18.6  16.4  18.3   MM   MM    MM
2025 02 11 17 20 160  6.0  7.0   0.5     5   3.7 162 1013.2  18.5  16.4  18.2   MM   MM    MM
2025 02 11 17 10 160  6.0  7.0    MM    MM    MM  MM 1013.4  18.6  16.4  18.3   MM   MM    MM
2025 02 11 17 00 160  5.0  6.0    MM    MM    MM  MM 1013.2  18.3  16.4  18.0   MM -1.2    MM
2025 02 11 16 50 150  5.0  6.0   0.5     5   3.9 169 1013.4  18.2  16.4  17.9   MM   MM    MM
2025 02 11 16 40 150  5.0  6.0   0.5    MM   3.9 169 1013.4  18.2  16.4  17.9   MM   MM    MM
2025 02 11 16 30 150  5.0  6.0    MM    MM    MM  MM 1013.6  18.1  16.3  17.8   MM   MM    MM
2025 02 11 16 20 150  5.0  5.0   0.5     5   3.8 162 1013.6  18.2  16.3  17.9   MM   MM    MM
2025 02 11 16 10 150  5.0  6.0   0.5    MM   3.8 162 1013.7  18.2  16.3  17.9   MM   MM    MM
2025 02 11 16 00 140  5.0  5.0    MM    MM    MM  MM 1013.6  18.2  16.3  17.9   MM -0.9    MM
2025 02 11 15 50 140  5.0  6.0   0.5     5   4.0 164 1013.7  18.2  16.3  17.9   MM   MM    MM
2025 02 11 15 40 140  5.0  6.0   0.5    MM   4.0 164 1013.5  18.1  16.3  17.8   MM   MM    MM
2025 02 11 15 30 140  5.0  5.0    MM    MM    MM  MM 1013.7  18.2  16.3  17.9   MM   MM    MM
2025 02 11 15 20 130  5.0  5.0   0.5     5   3.9 161 1013.7  17.9  16.3  17.6   MM   MM    MM
2025 02 11 15 10 130  4.0  5.0   0.5    MM   3.9 161 1014.0  18.0  16.3  17.7   MM   MM    MM
2025 02 11 15 00 130  4.0  5.0    MM    MM    MM  MM 1014.0  17.9  16.3  17.6   MM +0.0    MM
2025 02 11 14 50 130  4.0  4.0   0.5     4   4.0 164 1014.1  17.9  16.3  17.6   MM   MM    MM
2025 02 11 14 40 130  5.0  5.0   0.5    MM   4.0 164 1014.1  17.9  16.2  17.6   MM   MM    MM
2025 02 11 14 30 130  4.0  5.0    MM    MM    MM  MM 1014.1  17.6  16.2  17.3   MM   MM    MM
2025 02 11 14 20 130  4.0  5.0   0.5     5   4.0 178 1014.2  17.6  16.2  17.3   MM   MM    MM
2025 02 11 14 10 130  4.0  5.0   0.5    MM   4.0 178 1014.3  17.6  16.2  17.3   MM   MM    MM
2025 02 11 14 00 130  4.0  5.0    MM    MM    MM  MM 1014.4  17.4  16.2  17.1   MM +0.0    MM
2025 02 11 13 50 120  4.0  5.0   0.5     4   3.9 143 1014.4  17.3  16.2  17.0   MM   MM    MM
2025 02 11 13 40 120  4.0  5.0   0.5    MM   3.9 143 1014.5  17.3    MM  17.0   MM   MM    MM
2025 02 11 13 30 120  4.0  5.0    MM    MM    MM  MM 1014.5  17.2  16.2  16.9   MM   MM    MM
2025 02 11 13 20 110  4.0  5.0   0.5     5   4.0 186 1014.6  17.3  16.2  17.0   MM   MM    MM
2025 02 11 13 10 110  4.0  5.0   0.5    MM   4.0 186 1014.5  17.1  16.2  16.8   MM   MM    MM
2025 02 11 13 00 100  3.0  4.0    MM    MM    MM  MM 1014.5  17.0  16.2  16.7   MM -0.0    MM
2025 02 11 12 50 100  3.0  4.0   0.5     5   3.9 157 1014.6  17.2  16.2  16.9   MM   MM    MM
2025 02 11 12 40  90  3.0  4.0   0.5    MM   3.9 157 1014.4  17.0  16.2  16.7   MM   MM    MM
2025 02 11 12 30  90  3.0  3.0    MM    MM    MM  MM 1014.2  17.1  16.2  16.8   MM   MM    MM
2025 02 11 12 20  90  3.0  4.0   0.5     5   3.9 179 1014.2  17.1  16.2  16.8   MM   MM    MM
2025 02 11 12 10  80  3.0  4.0   0.5    MM   3.9 179 1014.2  17.0  16.2  16.7   MM   MM    MM
2025 02 11 12 00  80  3.0  4.0    MM    MM    MM  MM 1014.1  17.0  16.3  16.7   MM +0.0    MM
2025 02 11 11 50  80  4.0  4.0   0.5     5   3.9 179 1014.0  16.9  16.2  16.6   MM   MM    MM
2025 02 11 11 40  70  3.0  4.0    MM    MM    MM  MM 1014.1  16.9  16.2  16.6   MM   MM    MM
2025 02 11 11 30  70  3.0  3.0    MM    MM    MM  MM 1014.4  17.1  16.2  16.8   MM   MM    MM
2025 02 11 11 20  70  3.0  3.0   0.5     4   3.8 144 1014.3  17.2  16.2  16.9   MM   MM    MM
2025 02 11 11 10  80  3.0  3.0   0.5    MM   3.8 144 1014.2  17.2  16.2  16.9   MM   MM    MM
2025 02 11 11 00  80  3.0  3.0    MM    MM    MM  MM 1014.2  17.2  16.2  16.9   MM -1.0    MM
2025 02 11 10 50  80  3.0  3.0   0.5     4   3.8 151 1014.1  17.2  16.2  16.9   MM   MM    MM
2025 02 11 10 40  90  3.0  3.0   0.5    MM   3.8 151 1014.1  17.2  16.2  16.9   MM   MM    MM
2025 02 11 10 30  80  2.0  3.0    MM    MM    MM  MM 1014.2  17.3  16.2  17.0   MM   MM    MM
2025 02 11 10 20  80  2.0  2.0   0.5     5   3.7 174 1014.5  17.3  16.2  17.0   MM   MM    MM
2025 02 11 10 10  90  2.0  2.0   0.5    MM   3.7 174 1014.6  17.3  16.2  17.0   MM   MM    MM
2025 02 11 10 00 100  2.0  3.0    MM    MM    MM  MM 1014.4  17.3  16.1  17.0   MM -1.8    MM
2025 02 11 09 50 110  3.0  3.0   0.5     4   3.7 138 1014.2  17.3  16.1  17.0   MM   MM    MM
2025 02 11 09 40 110  4.0  4.0   0.5    MM   3.7 138 1014.1  17.3  16.2  17.0   MM   MM    MM
2025 02 11 09 30 110  3.0  4.0    MM    MM    MM  MM 1014.1  17.4  16.1  17.1   MM   MM    MM
2025 02 11 09 20 120  4.0  4.0   0.5     4   3.6 142 1014.1  17.5  16.1  17.2   MM   MM    MM
2025 02 11 09 10 120  4.0  4.0   0.5    MM   3.6 142 1014.2  17.5  16.1  17.2   MM   MM    MM
2025 02 11 09 00 120  4.0  5.0    MM    MM    MM  MM 1014.3  17.5  16.2  17.2   MM -2.7    MM
2025 02 11 08 50 120  4.0  5.0   0.5     4   3.6 133 1014.4  17.4  16.1  17.1   MM   MM    MM
2025 02 11 08 40 120  4.0  4.0   0.5    MM   3.6 133 1014.6  17.4  16.0  17.1   MM   MM    MM
2025 02 11 08 30 120  4.0  4.0    MM    MM    MM  MM 1014.8  17.4  16.0  17.1   MM   MM    MM
2025 02 11 08 20 110  4.0  4.0   0.5     4   3.6 136 1014.9  17.3  16.0  17.0   MM   MM    MM
2025 02 11 08 10 120  4.0  4.0   0.5    MM   3.6 136 1015.1  17.4  16.0  17.1   MM   MM    MM
2025 02 11 08 00 120  4.0  5.0    MM    MM    MM  MM 1015.2  17.3  16.1  17.0   MM -2.2    MM
2025 02 11 07 50 110  4.0  5.0   0.5     5   3.6 165 1015.3  17.3    MM  17.0   MM   MM    MM
2025 02 11 07 40 110  4.0  5.0   0.5    MM   3.6 165 1015.5  17.3  16.2  17.0   MM   MM    MM
2025 02 11 07 30 110  5.0  5.0    MM    MM    MM  MM 1015.7  17.3  16.2  17.0   MM   MM    MM
2025 02 11 07 20 120  5.0  5.0   0.5     4   3.7 143 1015.9  17.4  16.2  17.1   MM   MM    MM
2025 02 11 07 10 110  5.0  5.0   0.5    MM   3.7 143 1016.1  17.4  16.1  17.1   MM   MM    MM
2025 02 11 07 00 110  5.0  5.0    MM    MM    MM  MM 1016.2  17.3  16.1  17.0   MM -1.5    MM
2025 02 11 06 50 110  5.0  5.0   0.5     4   3.5 132 1016.3  17.3  16.1  17.0   MM   MM    MM
2025 02 11 06 40 120  4.0  5.0    MM    MM    MM  MM 1016.4  17.3  16.2  17.0   MM   MM    MM
2025 02 11 06 30 110  5.0  6.0    MM    MM    MM  MM 1016.5  17.4  16.3  17.1   MM   MM    MM
2025 02 11 06 20 110  5.0  5.0   0.6     4   3.6 128 1016.7  17.4  16.3  17.1   MM   MM    MM
2025 02 11 06 10 110  4.0  5.0   0.6    MM   3.6 128 1016.9  17.3  16.3  17.0   MM   MM    MM
2025 02 11 06 00 110  5.0  6.0    MM    MM    MM  MM 1017.0  17.4  16.3  17.1   MM -1.1    MM
2025 02 11 05 50 100  5.0  6.0   0.5     4   3.5 117 1017.2  17.3  16.3  17.0   MM   MM    MM
2025 02 11 05 40 100  5.0  5.0    MM    MM    MM  MM 1017.2  17.2  16.4  16.9   MM   MM    MM
2025 02 11 05 30 100  5.0  6.0    MM    MM    MM  MM 1017.3  17.2  16.3  16.9   MM   MM    MM
2025 02 11 05 20 100  5.0  6.0   0.6     4   3.5 128 1017.4  17.2  16.3  16.9   MM   MM    MM
2025 02 11 05 10 100  6.0  6.0   0.6    MM   3.5 128 1017.4  17.2  16.3  16.9   MM   MM    MM
2025 02 11 05 00 100  6.0  7.0    MM    MM    MM  MM 1017.4  17.3  16.4  17.0   MM -1.3    MM
2025 02 11 04 50 100  6.0  7.0   0.6     4   3.4 113 1017.5  17.3  16.4  17.0   MM   MM    MM
2025 02 11 04 40 100  7.0  7.0    MM    MM    MM  MM 1017.6  17.3  16.4  17.0   MM   MM    MM
2025 02 11 04 30 100  6.0  7.0    MM    MM    MM  MM 1017.4  17.2  16.5  16.9   MM   MM    MM
2025 02 11 04 20 100  6.0  7.0   0.6     5   3.4 119 1017.6  17.2  16.4  16.9   MM   MM    MM
2025 02 11 04 10 100  6.0  7.0   0.6    MM   3.4 119 1017.6  17.1  16.4  16.8   MM   MM    MM
2025 02 11 04 00 100  6.0  7.0    MM    MM    MM  MM 1017.7  17.1  16.5  16.8   MM +0.0    MM
2025 02 11 03 50 100  6.0  7.0   0.6     5   3.5 129 1018.0  17.1  16.5  16.8   MM   MM    MM
2025 02 11 03 40 100  6.0  7.0    MM    MM    MM  MM 1018.0  17.0  16.5  16.7   MM   MM    MM
2025 02 11 03 30 100  6.0  7.0    MM    MM    MM  MM 1018.0  17.0  16.5  16.7   MM   MM    MM
2025 02 11 03 20 100  6.0  7.0   0.6     4   3.6 103 1018.0  16.9  16.5  16.6   MM   MM    MM
2025 02 11 03 10 100  6.0  7.0   0.6    MM   3.6 103 1017.9  16.8  16.5  16.5   MM   MM    MM
2025 02 11 03 00 110  6.0  7.0    MM    MM    MM  MM 1018.1  16.7    MM  16.4   MM +0.0    MM
2025 02 11 02 50 110  6.0  7.0   0.6     4   3.5 105 1018.0  16.6  16.7  16.3   MM   MM    MM
2025 02 11 02 40 100  6.0  7.0    MM    MM    MM  MM 1018.0  16.5  16.7  16.2   MM   MM    MM
2025 02 11 02 30 100  6.0  7.0    MM    MM    MM  MM 1018.6  16.5  16.7  16.2   MM   MM    MM
2025 02 11 02 20 100  6.0  7.0   0.6     5   3.4 128 1018.8  16.4  16.7  16.1   MM   MM    MM
2025 02 11 02 10 110  6.0  7.0   0.6    MM   3.4 128 1018.6  16.4  16.7  16.1   MM   MM    MM
2025 02 11 02 00 120  7.0  8.0    MM    MM    MM  MM 1018.7  16.3  16.8  16.0   MM -0.0    MM
2025 02 11 01 50 120  6.0  7.0   0.7     4   3.5 109 1018.6  16.3  16.8  16.0   MM   MM    MM
2025 02 11 01 40 110  6.0  7.0    MM    MM    MM  MM 1018.7  16.2  16.8  15.9   MM   MM    MM
2025 02 11 01 30 110  7.0  8.0    MM    MM    MM  MM 1018.4  16.1  16.8  15.8   MM   MM    MM
2025 02 11 01 20 110  6.0  8.0   0.7     4   3.6  98 1018.5  16.0  16.8  15.7   MM   MM    MM
2025 02 11 01 10 100  6.0  7.0   0.7    MM   3.6  98 1018.2  15.8  16.8  15.5   MM   MM    MM
2025 02 11 01 00 110  8.0  9.0    MM    MM    MM  MM 1017.9  15.7  16.9  15.4   MM -0.9    MM
2025 02 11 00 50  90  7.0  8.0   0.7     4   3.6  95 1018.0  15.6  16.9  15.3   MM   MM    MM
2025 02 11 00 40  90  6.0  7.0    MM    MM    MM  MM 1018.6  15.5  16.9  15.2   MM   MM    MM
2025 02 11 00 30  90  6.0  7.0    MM    MM    MM  MM 1018.7  15.4  16.9  15.1   MM   MM    MM
2025 02 11 00 20  90  6.0  7.0   0.6     4   3.5 101 1018.6  15.3  16.9  15.0   MM   MM    MM
2025 02 11 00 10  90  6.0  8.0   0.6    MM   3.5 101 1018.5  15.2  16.9  14.9   MM   MM    MM
2025 02 11 00 00 100  7.0  8.0    MM    MM    MM  MM 1018.3  15.2  16.9  14.9   MM -0.9    MM
2025 02 10 23 50 100  7.0  9.0   0.7     4   3.5  89 1018.1  15.1  16.9  14.8   MM   MM    MM
2025 02 10 23 40 100  7.0  8.0    MM    MM    MM  MM 1018.2  15.2  16.9  14.9   MM   MM    MM
2025 02 10 23 20  90  7.0  9.0   0.7     5   3.5 100 1018.3  15.1  16.9  14.8   MM   MM    MM
2025 02 10 23 10  90  7.0  8.0    MM    MM    MM  MM 1018.4  15.1  17.0  14.8   MM   MM    MM
2025 02 10 23 00  90  7.0  8.0    MM    MM    MM  MM 1018.5  15.1  17.0  14.8   MM -1.3    MM
2025 02 10 22 50  90  7.0  8.0   0.7     5   3.7 101 1018.4  15.0  17.0  14.7   MM   MM    MM
2025 02 10 22 40  90  7.0  9.0    MM    MM    MM  MM 1018.6  15.0  17.0  14.7   MM   MM    MM
2025 02 10 22 30  90  7.0  8.0    MM    MM    MM  MM 1018.5  15.0  17.0  14.7   MM   MM    MM
2025 02 10 22 20 100  7.0  8.0   0.7     5   3.7  91 1018.6  15.0  17.1  14.7   MM   MM    MM
2025 02 10 22 10 100  7.0  8.0   0.7    MM   3.7  91 1018.6  15.0  17.1  14.7   MM   MM    MM
2025 02 10 22 00 100  6.0  8.0    MM    MM    MM  MM 1018.8  15.0  17.1  14.7   MM -2.8    MM
2025 02 10 21 50  90  6.0  7.0   0.7     5   3.7  98 1018.9  15.0  17.1  14.7   MM   MM    MM
2025 02 10 21 40  90  6.0  7.0   0.7    MM   3.7  98 1019.0  15.1  17.1  14.8   MM   MM    MM
2025 02 10 21 30  90  6.0  7.0    MM    MM    MM  MM 1019.0  15.3  17.1  15.0   MM   MM    MM
2025 02 10 21 20  90  6.0  8.0   0.8     5   3.9  95 1019.0  15.2  17.2  14.9   MM   MM    MM
2025 02 10 21 10  80  6.0  7.0   0.8    MM   3.9  95 1019.2  15.1  17.2  14.8   MM   MM    MM
2025 02 10 21 00  90  7.0  8.0    MM    MM    MM  MM 1019.2  15.0  17.2  14.7   MM -3.1    MM
2025 02 10 20 50  90  6.0  7.0   0.8     5   3.7  92 1018.4  14.9  17.2  14.6   MM   MM    MM
2025 02 10 20 40  90  6.0  8.0   0.8    MM   3.7  92 1018.6  14.9  17.2  14.6   MM   MM    MM
2025 02 10 20 30  90  6.0  7.0    MM    MM    MM  MM 1018.6  14.9  17.3  14.6   MM   MM    MM
2025 02 10 20 20  80  6.0  8.0   0.9     5   3.7  93 1018.5  14.9  17.3  14.6   MM   MM    MM
2025 02 10 20 10  80  7.0  8.0   0.9    MM   3.7  93 1018.5  14.8  17.3  14.5   MM   MM    MM
2025 02 10 20 00  80  8.0  9.0    MM    MM    MM  MM 1018.8  14.7  17.3  14.4   MM -3.5    MM
2025 02 10 19 50  70  7.0  9.0   0.9     5   3.7  89 1018.9  14.7  16.9  14.4   MM   MM    MM
2025 02 10 19 40  70  8.0  9.0   0.9    MM   3.7  89 1019.0  14.7  16.8  14.4   MM   MM    MM
2025 02 10 19 30  60  7.0  8.0    MM    MM    MM  MM 1019.6  14.6  16.8  14.3   MM   MM    MM
2025 02 10 19 20  60  7.0  8.0   1.0     5   3.8  82 1020.1  14.6  16.9  14.3   MM   MM    MM
2025 02 10 19 10  60  7.0  8.0   1.0    MM   3.8  82 1020.4  14.7  16.9  14.4   MM   MM    MM
2025 02 10 19 00  50  7.0  8.0    MM    MM    MM  MM 1020.7  14.6  17.0  14.3   MM -2.1    MM
2025 02 10 18 50  60  7.0  8.0   1.0     5   3.8  85 1020.9  14.7  17.0  14.4   MM   MM    MM
2025 02 10 18 40  60  7.0  8.0   1.0    MM   3.8  85 1021.0  14.6  17.0  14.3   MM   MM    MM
2025 02 10 18 30  60  8.0  9.0    MM    MM    MM  MM 1021.0  14.5  16.9  14.2   MM   MM    MM
2025 02 10 18 20  60  8.0 10.0   1.0     5   3.8  75 1020.9  14.5  16.7  14.2   MM   MM    MM
2025 02 10 18 10  60  8.0  9.0   1.0    MM   3.8  75 1021.1  14.6  16.4  14.3   MM   MM    MM
2025 02 10 18 00  60  8.0  9.0    MM    MM    MM  MM 1021.2  14.6  16.1  14.1   MM -1.3    MM
2025 02 10 17 50  60  8.0  9.0   1.0     5   3.8  79 1021.6  14.6  16.0  14.1   MM   MM    MM
2025 02 10 17 40  60  8.0  9.0    MM    MM    MM  MM 1021.8  14.6  15.9  14.0   MM   MM    MM
2025 02 10 17 30  60  9.0 10.0    MM    MM    MM  MM 1021.9  14.5  15.9  13.9   MM   MM    MM
2025 02 10 17 20  60  8.0 10.0   1.1     5   3.9  70 1022.1  14.5  15.9  14.0   MM   MM    MM
2025 02 10 17 10  60  8.0 10.0   1.1    MM   3.9  70 1022.1  14.5  16.0  14.1   MM   MM    MM
2025 02 10 17 00  70  9.0 10.0    MM    MM    MM  MM 1022.1  14.5  16.0  14.2   MM +1.2    MM
2025 02 10 16 50  60  9.0 10.0   1.2     5   3.8  71 1022.1  14.5  16.0  14.2   MM   MM    MM
2025 02 10 16 40  60  8.0 10.0   1.2    MM   3.8  71 1022.4  14.7  16.1  14.2   MM   MM    MM
2025 02 10 16 30  60  9.0 11.0    MM    MM    MM  MM 1022.4  14.6  16.1  13.9   MM   MM    MM
2025 02 10 16 20  60  9.0 11.0   1.1     4   3.9  70 1022.4  14.5  16.1  13.8   MM   MM    MM
2025 02 10 16 10  60 10.0 11.0   1.1    MM   3.9  70 1022.3  14.7  16.2  14.0   MM   MM    MM
2025 02 10 16 00  50 10.0 11.0    MM    MM    MM  MM 1022.4  14.7  16.2  14.0   MM +2.1    MM
2025 02 10 15 50  50 10.0 11.0   1.2     4   3.8  56 1022.4  14.8  16.2  14.2   MM   MM    MM
2025 02 10 15 40  50 10.0 12.0   1.2    MM   3.8  56 1022.4  14.8  16.1  14.2   MM   MM    MM
2025 02 10 15 30  50 10.0 12.0    MM    MM    MM  MM 1022.4  15.0  16.2  14.6   MM   MM    MM
2025 02 10 15 20  50 10.0 12.0   0.9     4   3.5  68 1022.4  15.1  16.2  14.8   MM   MM    MM
2025 02 10 15 10  50 10.0 12.0   0.9    MM   3.5  68 1022.5  15.1  16.2  14.8   MM   MM    MM
2025 02 10 15 00  50 10.0 12.0    MM    MM    MM  MM 1022.4  15.2  16.2  14.9   MM +2.0    MM
2025 02 10 14 50  50 10.0 12.0   0.8     3   3.3  73 1022.1  15.5  16.3  15.2   MM   MM    MM
2025 02 10 14 40  50 10.0 11.0   0.8    MM   3.3  73 1022.1  15.8  16.3  15.5   MM   MM    MM
2025 02 10 14 30  50  9.0 11.0    MM    MM    MM  MM 1021.9  16.0  16.3  15.7   MM   MM    MM
2025 02 10 14 20  60  9.0 10.0   0.7     5   3.3 191 1021.7  16.2  16.3  15.9   MM   MM    MM
2025 02 10 14 10  60  8.0 10.0   0.7    MM   3.3 191 1021.6  16.2  16.3  15.9   MM   MM    MM
2025 02 10 14 00  60  9.0 12.0    MM    MM    MM  MM 1021.3  16.3  16.3  16.0   MM +1.0    MM
2025 02 10 13 50  60  9.0 11.0   0.6     5   3.4 195 1021.1  16.4  16.4  16.1   MM   MM    MM
2025 02 10 13 40  60  9.0 11.0   0.6    MM   3.4 195 1021.0  16.5  16.4  16.2   MM   MM    MM
2025 02 10 13 30  60  9.0 10.0    MM    MM    MM  MM 1021.0  16.6  16.5  16.3   MM   MM    MM
2025 02 10 13 20  60  7.0  9.0   0.5     6   3.8 189 1021.0  16.7  16.5  16.4   MM   MM    MM
2025 02 10 13 10  60  7.0  9.0   0.5    MM   3.8 189 1021.0  16.8  16.5  16.5   MM   MM    MM
2025 02 10 13 00  60  8.0  9.0    MM    MM    MM  MM 1020.7  16.9  16.6  16.6   MM +0.3    MM
2025 02 10 12 50  60  7.0  9.0   0.6     5   4.4 197 1020.5  17.2  16.7  16.9   MM   MM    MM
2025 02 10 12 40  70  6.0  7.0    MM    MM    MM  MM 1020.4  17.3  16.8  17.0   MM   MM    MM
2025 02 10 12 30  60  6.0  7.0    MM    MM    MM  MM 1020.2  17.4  16.7  17.1   MM   MM    MM
2025 02 10 12 20  60  5.0  6.0   0.5     6   4.3 192 1020.3  17.4  16.7  17.1   MM   MM    MM
2025 02 10 12 10  60  4.0  5.0   0.5    MM   4.3 192 1020.5  17.3  16.7  17.0   MM   MM    MM
2025 02 10 12 00  60  4.0  4.0    MM    MM    MM  MM 1020.6  17.3  16.7  17.0   MM -0.0    MM
2025 02 10 11 50  60  4.0  5.0   0.5     5   4.3 188 1020.7  17.3  16.8  17.0   MM   MM    MM
2025 02 10 11 40  60  3.0  4.0    MM    MM    MM  MM 1020.4  17.3  16.8  17.0   MM   MM    MM
2025 02 10 11 30  70  3.0  4.0    MM    MM    MM  MM 1020.2  17.3  16.9  17.0   MM   MM    MM
2025 02 10 11 20  70  4.0  4.0   0.6     6   4.3 185 1020.1  17.3  16.9  17.0   MM   MM    MM
2025 02 10 11 10  70  4.0  5.0   0.6    MM   4.3 185 1020.0  17.4  16.9  17.1   MM   MM    MM
2025 02 10 11 00  60  4.0  5.0    MM    MM    MM  MM 1020.0  17.4  16.9  17.1   MM -0.4    MM
2025 02 10 10 50  60  4.0  5.0   0.6     6   4.3 196 1020.1  17.3  16.9  17.0   MM   MM    MM
2025 02 10 10 40  60  4.0  5.0   0.6    MM   4.3 196 1020.1  17.4  16.9  17.1   MM   MM    MM
2025 02 10 10 30  60  4.0  5.0    MM    MM    MM  MM 1020.1  17.5  17.0  17.2   MM   MM    MM
2025 02 10 10 20  60  4.0  5.0   0.6     5   4.6 196 1020.1  17.5  17.0  17.2   MM   MM    MM
2025 02 10 10 10  60  4.0  5.0   0.6    MM   4.6 196 1020.2  17.6  17.0  17.3   MM   MM    MM
2025 02 10 10 00  50  4.0  5.0    MM    MM    MM  MM 1020.2  17.7  17.0  17.4   MM +0.4    MM
2025 02 10 09 50  50  5.0  6.0   0.6     6   4.5 192 1020.3  17.7  17.0  17.4   MM   MM    MM
2025 02 10 09 40  40  5.0  6.0   0.6    MM   4.5 192 1020.5  17.7  17.0  17.4   MM   MM    MM
2025 02 10 09 30  30  5.0  6.0    MM    MM    MM  MM 1020.5  17.6  17.0  17.3   MM   MM    MM
2025 02 10 09 20  30  5.0  6.0   0.5     5   4.4 196 1020.5  17.6  17.0  17.3   MM   MM    MM
2025 02 10 09 10  10  4.0  5.0   0.5    MM   4.4 196 1020.6  17.7  17.0  17.4   MM   MM    MM
2025 02 10 09 00 360  4.0  5.0    MM    MM    MM  MM 1020.7  17.3  17.0  17.0   MM +0.4    MM
2025 02 10 08 50 360  3.0  4.0   0.5     5   4.3 184 1020.6  17.3  17.0  17.0   MM   MM    MM
2025 02 10 08 40 360  4.0  5.0   0.5    MM   4.3 184 1020.5  17.3  17.0  17.0   MM   MM    MM
2025 02 10 08 30 360  3.0  4.0    MM    MM    MM  MM 1020.6  17.3  17.0  17.0   MM   MM    MM
2025 02 10 08 20 350  2.0  2.0   0.6     6   4.4 198 1020.6  17.7  17.0  17.4   MM   MM    MM
2025 02 10 08 10 360  1.0  2.0   0.6    MM   4.4 198 1020.5  17.9  17.0  17.6   MM   MM    MM
2025 02 10 08 00  10  1.0  1.0    MM    MM    MM  MM 1020.4  17.8  17.0  17.5   MM +0.3    MM
2025 02 10 07 50  MM  0.0  1.0   0.6     6   4.3 190 1020.3  17.9  17.0  17.6   MM   MM    MM
2025 02 10 07 40 160  1.0  2.0    MM    MM    MM  MM 1020.2  17.9  17.0  17.6   MM   MM    MM
2025 02 10 07 30 160  2.0  2.0    MM    MM    MM  MM 1020.1  18.0  17.0  17.7   MM   MM    MM
2025 02 10 07 20 160  3.0  3.0   0.6     5   4.3 193 1020.1  18.0  17.0  17.7   MM   MM    MM
2025 02 10 07 10 160  3.0  4.0   0.6    MM   4.3 193 1019.9  18.0  17.0  17.7   MM   MM    MM
2025 02 10 07 00 160  3.0  3.0    MM    MM    MM  MM 1019.9  18.0  17.0  17.7   MM +0.0    MM
2025 02 10 06 50 160  2.0  3.0   0.5     5   4.3 174 1020.1  18.0  17.0  17.7   MM   MM    MM
2025 02 10 06 40 150  2.0  3.0    MM    MM    MM  MM 1020.2  18.0  17.0  17.7   MM   MM    MM
2025 02 10 06 30 140  2.0  2.0    MM    MM    MM  MM 1020.2  17.9  17.0  17.6   MM   MM    MM
2025 02 10 06 20 140  2.0  3.0   0.6     5   4.2 195 1020.2  17.8  17.0  17.5   MM   MM    MM
2025 02 10 06 10 140  3.0  3.0   0.6    MM   4.2 195 1020.0  17.8  17.0  17.5   MM   MM    MM
2025 02 10 06 00 140  3.0  3.0    MM    MM    MM  MM 1020.1  17.9  17.0  17.6   MM +0.0    MM
2025 02 10 05 50 140  3.0  3.0   0.6     5   4.3 194 1020.2  18.0  17.0  17.7   MM   MM    MM
2025 02 10 05 40 150  2.0  3.0    MM    MM    MM  MM 1020.2  17.9  17.0  17.6   MM   MM    MM
2025 02 10 05 30 150  2.0  3.0    MM    MM    MM  MM 1020.3  17.7  17.0  17.4   MM   MM    MM
2025 02 10 05 20 150  3.0  3.0   0.6     5   4.3 195 1020.3  17.7  17.0  17.4   MM   MM    MM
2025 02 10 05 10 130  3.0  4.0   0.6    MM   4.3 195 1020.2  17.7  17.0  17.4   MM   MM    MM
2025 02 10 05 00 120  3.0  4.0    MM    MM    MM  MM 1020.2  17.7  17.0  17.4   MM +1.0    MM
2025 02 10 04 50 130  3.0  3.0   0.5     6   4.3 188 1020.2  17.7  17.0  17.4   MM   MM    MM
2025 02 10 04 40 130  3.0  4.0    MM    MM    MM  MM 1020.1  17.7  17.0  17.4   MM   MM    MM
2025 02 10 04 30 130  4.0  4.0    MM    MM    MM  MM 1020.0  17.6  17.0  17.3   MM   MM    MM
2025 02 10 04 20 130  4.0  5.0   0.6     5   4.3 181 1019.8  17.5  17.0  17.2   MM   MM    MM
2025 02 10 04 10 130  4.0  5.0   0.6    MM   4.3 181 1019.9  17.4  17.1  17.1   MM   MM    MM
2025 02 10 04 00 120  4.0  5.0    MM    MM    MM  MM 1020.0  17.4  17.1  17.1   MM +1.4    MM
2025 02 10 03 50 120  4.0  4.0   0.6     5   4.4 182 1020.0  17.3  17.1  17.0   MM   MM    MM
2025 02 10 03 40 120  4.0  4.0    MM    MM    MM  MM 1020.0  17.3  17.1  17.0   MM   MM    MM
2025 02 10 03 30 120  4.0  4.0    MM    MM    MM  MM 1020.0  17.2  17.2  16.9   MM   MM    MM
2025 02 10 03 20 120  4.0  4.0   0.6     6   4.4 191 1019.9  17.2  17.2  16.9   MM   MM    MM
2025 02 10 03 10 120  4.0  4.0    MM    MM    MM  MM 1020.0  17.3  17.2  17.0   MM   MM    MM
2025 02 10 03 00 120  3.0  4.0    MM    MM    MM  MM 1019.9  17.3  17.2  17.0   MM +1.8    MM
2025 02 10 02 50 120  4.0  4.0   0.6     5   4.3 181 1020.0  17.2  17.3  16.9   MM   MM    MM
2025 02 10 02 40 120  3.0  4.0    MM    MM    MM  MM 1019.8  17.2  17.3  16.9   MM   MM    MM
2025 02 10 02 30 100  3.0  3.0    MM    MM    MM  MM 1019.7  17.2  17.3  16.9   MM   MM    MM
2025 02 10 02 20 110  4.0  4.0   0.6     6   4.5 200 1019.7  17.2  17.4  16.9   MM   MM    MM
2025 02 10 02 10 110  4.0  4.0   0.6    MM   4.5 200 1019.5  17.1  17.4  16.8   MM   MM    MM
2025 02 10 02 00 110  4.0  5.0    MM    MM    MM  MM 1019.3  17.2  17.4  16.9   MM +1.5    MM
2025 02 10 01 50 110  4.0  5.0   0.6     6   4.5 182 1019.2  17.2  17.5  16.9   MM   MM    MM
2025 02 10 01 40 110  4.0  4.0    MM    MM    MM  MM 1019.1  17.2  17.5  16.9   MM   MM    MM
2025 02 10 01 30 110  4.0  4.0    MM    MM    MM  MM 1018.9  17.2  17.5  16.9   MM   MM    MM
2025 02 10 01 20 100  4.0  5.0   0.6     6   4.4 188 1018.8  17.2  17.5  16.9   MM   MM    MM
2025 02 10 01 10 100  4.0  4.0   0.6    MM   4.4 188 1018.6  17.1  17.6  16.8   MM   MM    MM
2025 02 10 01 00 110  4.0  5.0    MM    MM    MM  MM 1018.6  17.2  17.6  16.9   MM +1.1    MM
2025 02 10 00 50 110  4.0  5.0   0.6     6   4.5 188 1018.5  17.4  17.6  17.1   MM   MM    MM
2025 02 10 00 40 100  4.0  4.0    MM    MM    MM  MM 1018.5  17.6  17.7  17.3   MM   MM    MM
2025 02 10 00 30  90  3.0  4.0    MM    MM    MM  MM 1018.4  17.8  17.7  17.5   MM   MM    MM
2025 02 10 00 20  90  3.0  3.0   0.6     6   4.6 193 1018.3  17.8  17.7  17.5   MM   MM    MM
2025 02 10 00 10  80  3.0  4.0   0.6    MM   4.6 193 1018.1  17.8  17.7  17.5   MM   MM    MM
2025 02 10 00 00  90  3.0  4.0    MM    MM    MM  MM 1018.1  17.9  17.8  17.6   MM +0.6    MM
2025 02 09 23 50  90  3.0  4.0   0.6     6   4.5 189 1017.8  17.9  17.8  17.6   MM   MM    MM
2025 02 09 23 40 100  3.0  4.0    MM    MM    MM  MM 1017.7  18.0  17.8  17.7   MM   MM    MM
2025 02 09 23 10 100  3.0  4.0   0.6    MM   4.4 181 1017.7  18.1  17.8  17.8   MM   MM    MM
2025 02 09 23 00 110  3.0  3.0    MM    MM    MM  MM 1017.6  18.2  17.8  17.9   MM -0.3    MM
2025 02 09 22 50 100  3.0  3.0   0.6     6   4.4 185 1017.5  18.2  17.8  17.9   MM   MM    MM
2025 02 09 22 40 110  3.0  3.0   0.6    MM   4.4 185 1017.5  18.1  17.7  17.8   MM   MM    MM
2025 02 09 22 30 110  3.0  3.0    MM    MM    MM  MM 1017.3  18.1  17.7  17.8   MM   MM    MM
2025 02 09 22 20 110  3.0  4.0   0.7     6   4.5 186 1017.5  18.2  17.7  17.9   MM   MM    MM
2025 02 09 22 10 110  3.0  4.0   0.7    MM   4.5 186 1017.4  18.2  17.7  17.9   MM   MM    MM
2025 02 09 22 00 110  4.0  4.0    MM    MM    MM  MM 1017.3  18.2  17.6  17.9   MM -1.3    MM
2025 02 09 21 50 110  3.0  4.0   0.6     6   4.5 189 1017.4  18.2  17.6  17.9   MM   MM    MM
2025 02 09 21 40 110  4.0  4.0   0.6    MM   4.5 189 1017.2  18.2  17.7  17.9   MM   MM    MM
2025 02 09 21 30 110  4.0  4.0    MM    MM    MM  MM 1017.2  18.2  17.7  17.9   MM   MM    MM
2025 02 09 21 20 110  4.0  4.0   0.7     6   4.5 185 1017.3  18.1  17.7  17.8   MM   MM    MM
2025 02 09 21 10 110  4.0  4.0   0.7    MM   4.5 185 1017.4  18.1  17.6  17.8   MM   MM    MM
2025 02 09 21 00 110  4.0  4.0    MM    MM    MM  MM 1017.5  18.0  17.6  17.7   MM -1.9    MM
2025 02 09 20 50 110  4.0  4.0   0.7     5   4.5 181 1017.5  18.1  17.7  17.8   MM   MM    MM
2025 02 09 20 40 110  3.0  4.0    MM    MM    MM  MM 1017.5  18.0  17.7  17.7   MM   MM    MM
2025 02 09 20 30 110  3.0  4.0    MM    MM    MM  MM 1017.7  18.0  17.4  17.7   MM   MM    MM
2025 02 09 20 20 110  3.0  4.0   0.7     5   4.5 169 1017.8  18.0  17.6  17.7   MM   MM    MM
2025 02 09 20 10 110  3.0  4.0   0.7    MM   4.5 169 1017.9  18.0  17.5  17.7   MM   MM    MM
2025 02 09 20 00 110  3.0  4.0    MM    MM    MM  MM 1017.9  17.9  17.5  17.6   MM -1.9    MM
2025 02 09 19 50 100  4.0  4.0   0.6     5   4.4 186 1018.0  17.9  17.4  17.6   MM   MM    MM
2025 02 09 19 40 110  4.0  5.0   0.6    MM   4.4 186 1018.1  17.9  17.3  17.6   MM   MM    MM
2025 02 09 19 30 100  4.0  4.0    MM    MM    MM  MM 1018.1  17.9  17.3  17.6   MM   MM    MM
2025 02 09 19 20 100  3.0  4.0   0.7     5   4.5 179 1018.3  17.8  17.2  17.5   MM   MM    MM
2025 02 09 19 10 100  3.0  4.0   0.7    MM   4.5 179 1018.5  17.8  17.2  17.5   MM   MM    MM
2025 02 09 19 00 100  3.0  4.0    MM    MM    MM  MM 1018.6  17.7  17.1  17.4   MM -1.0    MM
2025 02 09 18 50 100  4.0  5.0   0.7     6   4.5 188 1018.8  17.8  17.2  17.5   MM   MM    MM
2025 02 09 18 40  90  4.0  5.0   0.7    MM   4.5 188 1018.9  17.7  17.0  17.4   MM   MM    MM
2025 02 09 18 30  90  4.0  5.0    MM    MM    MM  MM 1019.1  17.6  17.0  17.3   MM   MM    MM
2025 02 09 18 20  90  4.0  5.0   0.7     6   4.4 179 1019.2  17.7  16.9  17.4   MM   MM    MM
2025 02 09 18 10  90  4.0  4.0   0.7    MM   4.4 179 1019.3  17.6  17.0  17.3   MM   MM    MM
2025 02 09 18 00  90  3.0  4.0    MM    MM    MM  MM 1019.5  17.4  17.0  17.1   MM +0.5    MM
2025 02 09 17 50  90  4.0  4.0    MM    MM    MM  MM 1019.5  17.4  17.0  17.1   MM   MM    MM
2025 02 09 17 40  MM   MM   MM    MM    MM    MM  MM 1019.6    MM  17.0    MM   MM   MM    MM
2025 02 09 17 30  90  4.0  5.0    MM    MM    MM  MM 1019.7  17.3  16.8  17.0   MM   MM    MM
2025 02 09 17 20  80  3.0  4.0   0.6     5   4.2 172 1019.8  17.2  16.8  16.9   MM   MM    MM
2025 02 09 17 10  80  3.0  3.0   0.6    MM   4.2 172 1019.8  17.1  16.7  16.8   MM   MM    MM
2025 02 09 17 00  80  3.0  4.0    MM    MM    MM  MM 1019.9  17.2  16.7  16.9   MM +1.5    MM
2025 02 09 16 50  90  3.0  4.0   0.7     6   4.5 184 1019.9  17.2  16.6  16.9   MM   MM    MM
2025 02 09 16 40  90  4.0  4.0    MM    MM    MM  MM 1019.9  17.2  16.6  16.9   MM   MM    MM
2025 02 09 16 30  90  4.0  4.0    MM    MM    MM  MM 1019.8  17.4  16.6  17.1   MM   MM    MM
2025 02 09 16 20  90  3.0  4.0   0.7     5   4.4 184 1019.7  17.3  16.5  17.0   MM   MM    MM
2025 02 09 16 10  90  3.0  4.0   0.7    MM   4.4 184 1019.7  17.2  16.4  16.9   MM   MM    MM
2025 02 09 16 00  90  3.0  4.0    MM    MM    MM  MM 1019.6  17.2  16.4  16.9   MM +2.0    MM
2025 02 09 15 50  90  3.0  4.0   0.6     5   4.3 176 1019.5  17.2  16.4  16.9   MM   MM    MM
2025 02 09 15 40  90  3.0  4.0   0.6    MM   4.3 176 1019.4  17.2  16.4  16.9   MM   MM    MM
2025 02 09 15 30 100  3.0  4.0    MM    MM    MM  MM 1019.4  17.3  16.3  17.0   MM   MM    MM
2025 02 09 15 20 100  3.0  3.0   0.6     5   4.4 184 1019.2  17.2  16.3  16.9   MM   MM    MM
2025 02 09 15 10  90  3.0  3.0   0.6    MM   4.4 184 1018.9  17.3  16.2  17.0   MM   MM    MM
2025 02 09 15 00  90  2.0  3.0    MM    MM    MM  MM 1018.9  17.3  16.2  17.0   MM +1.9    MM
2025 02 09 14 50  90  3.0  3.0   0.6     5   4.4 182 1018.8  17.2  16.2  16.9   MM   MM    MM
2025 02 09 14 40  90  2.0  3.0   0.6    MM   4.4 182 1018.7  17.1  16.2  16.8   MM   MM    MM
2025 02 09 14 30  80  2.0  2.0    MM    MM    MM  MM 1018.8  17.1  16.2  16.8   MM   MM    MM
2025 02 09 14 20  80  2.0  2.0   0.6     6   4.3 201 1018.7  17.2  16.1  16.9   MM   MM    MM
2025 02 09 14 10  70  2.0  2.0   0.6    MM   4.3 201 1018.6  17.0  16.1  16.7   MM   MM    MM
2025 02 09 14 00  70  2.0  3.0    MM    MM    MM  MM 1018.4  16.8  16.1  16.5   MM +1.8    MM
2025 02 09 13 50  60  2.0  2.0   0.7     5   4.4 182 1018.3  16.9  15.8  16.6   MM   MM    MM
2025 02 09 13 40  40  2.0  2.0   0.7    MM   4.4 182 1018.3  16.8  16.1  16.5   MM   MM    MM
2025 02 09 13 30  40  2.0  2.0    MM    MM    MM  MM 1018.3  17.0  16.2  16.7   MM   MM    MM
2025 02 09 13 20  40  2.0  2.0   0.6     5   4.4 182 1018.1  16.9  16.1  16.6   MM   MM    MM
2025 02 09 13 10  50  2.0  2.0   0.6    MM   4.4 182 1017.9  17.0  16.2  16.7   MM   MM    MM
2025 02 09 13 00  20  2.0  3.0    MM    MM    MM  MM 1017.7  16.4  16.2  16.1   MM +1.4    MM
2025 02 09 12 50  40  2.0  2.0   0.6     6   4.4 189 1017.7  17.3  16.2  17.0   MM   MM    MM
2025 02 09 12 40  70  2.0  2.0   0.6    MM   4.4 189 1017.6  17.8  16.2  17.5   MM   MM    MM
2025 02 09 12 30 100  2.0  2.0    MM    MM    MM  MM 1017.5  18.1  16.2  17.8   MM   MM    MM
2025 02 09 12 20 110  2.0  2.0   0.6     6   4.4 192 1017.2  18.0  16.2  17.7   MM   MM    MM
2025 02 09 12 10 110  2.0  2.0   0.6    MM   4.4 192 1017.1  17.7  16.2  17.4   MM   MM    MM
2025 02 09 12 00 100  1.0  1.0    MM    MM    MM  MM 1017.0  17.5  16.2  17.2   MM +0.8    MM
2025 02 09 11 50 110  1.0  1.0   0.6     5   4.4 194 1016.9  17.4  16.3  17.1   MM   MM    MM
2025 02 09 11 40 120  2.0  2.0    MM    MM    MM  MM 1016.8  17.4  16.3  17.1   MM   MM    MM
2025 02 09 11 30 130  3.0  3.0    MM    MM    MM  MM 1016.7  17.4  16.3  17.1   MM   MM    MM
2025 02 09 11 20 130  2.0  3.0   0.6     5   4.5 181 1016.7  17.4  16.3  17.1   MM   MM    MM
2025 02 09 11 10 140  3.0  3.0   0.6    MM   4.5 181 1016.7  17.6  16.2  17.3   MM   MM    MM
2025 02 09 11 00 150  2.0  3.0    MM    MM    MM  MM 1016.7  17.8  16.3  17.5   MM +0.4    MM
2025 02 09 10 50 150  2.0  2.0   0.6     5   4.4 197 1016.7  17.7  16.3  17.4   MM   MM    MM
2025 02 09 10 40 150  2.0  2.0    MM    MM    MM  MM 1016.6  17.5  16.4  17.2   MM   MM    MM
2025 02 09 10 30 140  2.0  3.0    MM    MM    MM  MM 1016.4  17.3  16.4  17.0   MM   MM    MM
2025 02 09 10 20 150  2.0  3.0   0.6     5   4.4 185 1016.3  17.7  16.4  17.4   MM   MM    MM
2025 02 09 10 10 140  2.0  2.0   0.6    MM   4.4 185 1016.3  17.8  16.5  17.5   MM   MM    MM
2025 02 09 10 00 130  1.0  1.0    MM    MM    MM  MM 1016.3  17.7  16.7  17.4   MM +0.0    MM
2025 02 09 09 50  MM  0.0  1.0   0.6     6   4.6 195 1016.3  17.4  16.8  17.1   MM   MM    MM
2025 02 09 09 40  90  1.0  1.0   0.6    MM   4.6 195 1016.3  17.6  16.7  17.3   MM   MM    MM
2025 02 09 09 30 140  1.0  2.0    MM    MM    MM  MM 1016.1  18.0  16.7  17.7   MM   MM    MM
2025 02 09 09 20 150  2.0  2.0   0.6     5   4.5 197 1016.1  18.2  16.6  17.9   MM   MM    MM
2025 02 09 09 10 160  1.0  2.0   0.6    MM   4.5 197 1016.3  18.2  16.6  17.9   MM   MM    MM
2025 02 09 09 00 160  2.0  2.0    MM    MM    MM  MM 1016.2  18.1  16.6  17.8   MM -0.5    MM
2025 02 09 08 50 170  2.0  3.0   0.6     5   4.5 185 1016.2  18.2  16.6  17.9   MM   MM    MM
2025 02 09 08 40 170  3.0  3.0    MM    MM    MM  MM 1016.1  18.2  16.6  17.9   MM   MM    MM
2025 02 09 08 30 170  3.0  3.0    MM    MM    MM  MM 1016.1  18.2  16.5  17.9   MM   MM    MM
2025 02 09 08 20 170  3.0  3.0   0.6     6   4.4 185 1016.1  18.3  16.5  18.0   MM   MM    MM
2025 02 09 08 10 170  3.0  3.0   0.6    MM   4.4 185 1016.1  18.3  16.6  18.0   MM   MM    MM
2025 02 09 08 00 170  3.0  4.0    MM    MM    MM  MM 1016.2  18.3  16.6  18.0   MM -0.5    MM
2025 02 09 07 50 180  3.0  3.0   0.6     6   4.5 198 1016.1  18.3  16.6  18.0   MM   MM    MM
2025 02 09 07 40 180  3.0  3.0   0.6    MM   4.5 198 1016.4  18.3  16.6  18.0   MM   MM    MM
2025 02 09 07 30 180  3.0  4.0    MM    MM    MM  MM 1016.5  18.4  16.7  18.1   MM   MM    MM
2025 02 09 07 20 170  3.0  4.0   0.6     6   4.5 185 1016.4  18.4  16.6  18.1   MM   MM    MM
2025 02 09 07 10 170  2.0  3.0   0.6    MM   4.5 185 1016.5  18.3  16.7  18.0   MM   MM    MM
2025 02 09 07 00 170  3.0  4.0    MM    MM    MM  MM 1016.4  18.2  16.7  17.9   MM -0.4    MM
2025 02 09 06 50 160  3.0  4.0   0.6     6   4.4 176 1016.4  18.3  16.7  18.0   MM   MM    MM
2025 02 09 06 40 160  4.0  4.0   0.6    MM   4.4 176 1016.3  18.1  16.7  17.8   MM   MM    MM
2025 02 09 06 30 160  3.0  4.0    MM    MM    MM  MM 1016.4  18.2  16.8  17.9   MM   MM    MM
2025 02 09 06 20 160  3.0  3.0   0.7     6   4.5 191 1016.7  18.1  16.8  17.8   MM   MM    MM
2025 02 09 06 10 150  3.0  4.0   0.7    MM   4.5 191 1016.6  18.1  16.7  17.8   MM   MM    MM
2025 02 09 06 00 150  3.0  3.0    MM    MM    MM  MM 1016.7  18.1  16.7  17.8   MM +0.0    MM
2025 02 09 05 50 150  3.0  3.0   0.7     6   4.5 176 1016.8  18.2  16.5  17.9   MM   MM    MM
2025 02 09 05 40 150  3.0  3.0   0.7    MM   4.5 176 1017.0  18.2  16.4  17.9   MM   MM    MM
2025 02 09 05 30 150  3.0  3.0    MM    MM    MM  MM 1017.0  18.2  16.5  17.9   MM   MM    MM
2025 02 09 05 20 150  3.0  3.0   0.7     5   4.4 182 1017.0  18.3  16.4  18.0   MM   MM    MM
2025 02 09 05 10 150  4.0  4.0   0.7    MM   4.4 182 1017.0  18.3  16.4  18.0   MM   MM    MM
2025 02 09 05 00 150  4.0  4.0    MM    MM    MM  MM 1016.7  18.3  16.3  18.0   MM +0.3    MM
2025 02 09 04 50 150  4.0  4.0   0.7     6   4.5 181 1016.8  18.3  16.3  18.0   MM   MM    MM
2025 02 09 04 40 150  3.0  4.0    MM    MM    MM  MM 1017.0  18.3  16.2  18.0   MM   MM    MM
2025 02 09 04 30 150  4.0  4.0    MM    MM    MM  MM 1017.0  18.4  16.2  18.1   MM   MM    MM
2025 02 09 04 20 150  4.0  4.0   0.7     5   4.3 176 1016.9  18.5  16.2  18.2   MM   MM    MM
2025 02 09 04 10 150  4.0  5.0   0.7    MM   4.3 176 1017.0  18.6  16.1  18.3   MM   MM    MM
2025 02 09 04 00 150  4.0  5.0    MM    MM    MM  MM 1016.8  18.7  16.1  18.4   MM +0.9    MM
2025 02 09 03 50 160  5.0  6.0   0.7     6   4.6 185 1016.8  18.8  16.2  18.5   MM   MM    MM
2025 02 09 03 40 160  5.0  6.0    MM    MM    MM  MM 1016.9  19.0  16.2  18.7   MM   MM    MM
2025 02 09 03 30 160  5.0  6.0    MM    MM    MM  MM 1017.0  19.0  16.2  18.7   MM   MM    MM
2025 02 09 03 20 160  5.0  6.0   0.6     6   4.4 181 1016.7  18.8  16.2  18.5   MM   MM    MM
2025 02 09 03 10 160  5.0  5.0   0.6    MM   4.4 181 1016.6  18.5  16.2  18.2   MM   MM    MM
2025 02 09 03 00 150  4.0  5.0    MM    MM    MM  MM 1016.7  18.6  16.3  18.3   MM +1.2    MM
2025 02 09 02 50 150  3.0  4.0   0.7     5   4.5 178 1016.9  18.6  16.4  18.3   MM   MM    MM
2025 02 09 02 40 150  3.0  4.0    MM    MM    MM  MM 1016.9  18.5  16.5  18.2   MM   MM    MM
2025 02 09 02 30 150  3.0  4.0    MM    MM    MM  MM 1016.7  18.4  16.5  18.1   MM   MM    MM
2025 02 09 02 20 150  3.0  3.0   0.6     5   4.5 178 1016.6  18.5  16.6  18.2   MM   MM    MM
2025 02 09 02 10 150  3.0  3.0   0.6    MM   4.5 178 1016.7  18.6  16.6  18.3   MM   MM    MM
2025 02 09 02 00 140  3.0  4.0    MM    MM    MM  MM 1016.4  18.8  16.6  18.5   MM +1.4    MM
2025 02 09 01 50 150  4.0  4.0   0.7     5   4.4 183 1016.2  19.0  16.7  18.7   MM   MM    MM
2025 02 09 01 40 150  4.0  4.0   0.7    MM   4.4 183 1016.0  18.7  16.7  18.4   MM   MM    MM
2025 02 09 01 30 140  4.0  4.0    MM    MM    MM  MM 1016.0  18.7  16.8  18.4   MM   MM    MM
2025 02 09 01 20 140  4.0  4.0   0.7     5   4.5 170 1015.9  18.6  16.9  18.3   MM   MM    MM
2025 02 09 01 10 150  4.0  4.0   0.7    MM   4.5 170 1015.8  18.7  17.1  18.4   MM   MM    MM
2025 02 09 01 00 140  3.0  4.0    MM    MM    MM  MM 1015.8  18.6  17.2  18.3   MM +0.7    MM
2025 02 09 00 50 140  3.0  4.0   0.7     6   4.5 187 1015.8  18.7  17.5  18.4   MM   MM    MM
2025 02 09 00 40 140  3.0  4.0    MM    MM    MM  MM 1015.7  18.7  17.5  18.4   MM   MM    MM
2025 02 09 00 30 150  3.0  3.0    MM    MM    MM  MM 1015.7  18.6  17.0  18.3   MM   MM    MM
2025 02 09 00 20 140  3.0  4.0   0.7     6   4.5 183 1015.6  18.7  17.5  18.4   MM   MM    MM
2025 02 09 00 10 140  3.0  4.0   0.7    MM   4.5 183 1015.5  18.8  17.6  18.5   MM   MM    MM
